9 0.200738 0.249132 0.364149 0.498264
9 0.953125 0.521875 0.076389 0.229861
9 0.939236 0.515799 0.076389 0.218403
9 0.232856 0.057986 0.166233 0.103472
11 0.271267 0.116667 0.135417 0.022917
13 0.662977 0.311285 0.149740 0.194792
11 0.601128 0.099479 0.174479 0.028125
0 0.524740 0.223090 0.122396 0.087153
9 0.914931 0.424306 0.013021 0.015278
9 0.712240 0.257812 0.398438 0.514931
7 0.478299 0.340278 0.809028 0.348611
9 0.016927 0.544444 0.025174 0.082639
9 0.654297 0.042361 0.193142 0.084722
9 0.457031 0.050521 0.628472 0.101042
7 0.601128 0.099479 0.174479 0.028125
9 0.050781 0.782465 0.039062 0.123264
