11 0.129901 0.537281 0.058614 0.068979
0 0.581584 0.264753 0.180990 0.159490
11 0.150693 0.517344 0.135842 0.078549
13 0.818812 0.467504 0.107327 0.046651
10 0.814851 0.485845 0.143762 0.092105
10 0.150693 0.517344 0.135842 0.078549
11 0.805743 0.460526 0.185743 0.108453
9 0.490297 0.228668 0.086337 0.216507
0 0.501980 0.270335 0.315644 0.160287
7 0.814851 0.485845 0.143762 0.092105
10 0.129901 0.537281 0.058614 0.068979
7 0.818812 0.467504 0.107327 0.046651
10 0.858614 0.486643 0.090297 0.086523
3 0.540792 0.477073 0.433663 0.114434
13 0.287129 0.488437 0.076040 0.031898
11 0.858614 0.486643 0.090297 0.086523
0 0.598416 0.262560 0.129901 0.151914
