7 0.283639 0.547215 0.306131 0.396739
13 0.770303 0.343410 0.201433 0.069293
11 0.258360 0.741848 0.317675 0.056386
1 0.303344 0.195992 0.335987 0.263587
11 0.138734 0.735904 0.066481 0.087976
11 0.144705 0.554518 0.043392 0.189198
13 0.315088 0.444973 0.144506 0.276495
1 0.297970 0.237432 0.286226 0.322690
1 0.316083 0.206522 0.301752 0.283288
10 0.258360 0.741848 0.317675 0.056386
13 0.297970 0.237432 0.286226 0.322690
11 0.687898 0.115319 0.150478 0.037704
2 0.144705 0.554518 0.043392 0.189198
13 0.854498 0.459239 0.036226 0.063179
7 0.316083 0.206522 0.301752 0.283288
