0 0.595866 0.329753 0.105143 0.080078
3 0.607585 0.596680 0.423503 0.236328
6 0.292480 0.486165 0.210612 0.286784
11 0.207682 0.640462 0.054688 0.049154
13 0.318685 0.526693 0.212891 0.231771
11 0.195150 0.668945 0.044596 0.062500
10 0.207682 0.640462 0.054688 0.049154
6 0.318685 0.526693 0.212891 0.231771
13 0.292480 0.486165 0.210612 0.286784
5 0.318685 0.526693 0.212891 0.231771
3 0.604004 0.618164 0.450846 0.104818
3 0.611654 0.630371 0.433594 0.180013
6 0.310872 0.514160 0.215495 0.204102
10 0.195150 0.668945 0.044596 0.062500
