6 0.220920 0.589063 0.291667 0.106597
0 0.548394 0.258160 0.121094 0.107986
11 0.097222 0.622743 0.055556 0.048958
10 0.112196 0.623090 0.064670 0.109375
0 0.547092 0.259549 0.116753 0.098264
7 0.220920 0.589063 0.291667 0.106597
0 0.538845 0.267708 0.134983 0.124306
11 0.302300 0.100694 0.239149 0.063194
10 0.097222 0.622743 0.055556 0.048958
11 0.305556 0.098264 0.203993 0.059722
11 0.615451 0.077257 0.216146 0.054514
11 0.112196 0.623090 0.064670 0.109375
11 0.662326 0.072917 0.102431 0.048611
3 0.555773 0.598785 0.411892 0.139236
3 0.552734 0.578472 0.446615 0.090972
