8 0.214517 0.694686 0.024135 0.022393
8 0.784222 0.315675 0.094380 0.111297
8 0.794488 0.534926 0.316643 0.646056
8 0.824027 0.548463 0.034942 0.032754
8 0.198847 0.590074 0.026657 0.022393
8 0.790346 0.339071 0.118156 0.148730
8 0.238473 0.406584 0.024496 0.020388
8 0.739553 0.446858 0.025216 0.023396
8 0.653278 0.264205 0.027738 0.027072
8 0.165166 0.462400 0.024856 0.023061
8 0.893552 0.386029 0.030620 0.031417
8 0.891571 0.383021 0.030980 0.029412
8 0.170209 0.344084 0.017651 0.015709
8 0.866895 0.782587 0.017651 0.015040
8 0.149316 0.753008 0.029179 0.036765
8 0.143912 0.689672 0.022695 0.026404
8 0.207853 0.553476 0.028818 0.022727
8 0.904539 0.747493 0.025216 0.031751
8 0.159042 0.653743 0.029899 0.024733
8 0.888509 0.449699 0.029899 0.026404
8 0.257205 0.553309 0.338617 0.668115
8 0.314121 0.479445 0.035303 0.039104
8 0.289986 0.270053 0.034582 0.032754
8 0.155259 0.499833 0.024496 0.027072
8 0.195605 0.793449 0.028818 0.030080
8 0.812500 0.498663 0.030620 0.020053
8 0.332493 0.513870 0.020893 0.017045
8 0.267471 0.727774 0.027738 0.029746
8 0.213256 0.695020 0.025937 0.019051
8 0.255584 0.347426 0.019813 0.021725
8 0.888689 0.471591 0.018012 0.017380
8 0.863653 0.581384 0.032061 0.029746
8 0.333033 0.478610 0.021974 0.020722
8 0.159762 0.654245 0.025576 0.024398
8 0.783682 0.337400 0.117075 0.166110
8 0.236131 0.364806 0.027017 0.020388
8 0.865634 0.583055 0.032421 0.033088
8 0.207673 0.393717 0.032061 0.033422
8 0.208213 0.392881 0.029539 0.027741
8 0.834654 0.694184 0.034582 0.028075
8 0.824207 0.549298 0.034582 0.028409
8 0.208213 0.554813 0.030259 0.024733
5 0.782241 0.509358 0.302954 0.606283
8 0.352666 0.498830 0.021614 0.023061
8 0.260267 0.347259 0.022695 0.020053
8 0.891931 0.530414 0.035303 0.034091
8 0.929755 0.828041 0.020173 0.021725
8 0.693984 0.709726 0.039265 0.035094
8 0.172190 0.340742 0.019452 0.020388
8 0.832673 0.587901 0.028458 0.028075
8 0.234870 0.364305 0.033141 0.026070
8 0.148415 0.754011 0.038184 0.036765
8 0.152197 0.510027 0.024135 0.037433
8 0.187860 0.579044 0.035663 0.031083
5 0.254323 0.549131 0.311960 0.606283
8 0.163905 0.462066 0.032421 0.025067
8 0.318084 0.475100 0.051153 0.047794
