13 0.795166 0.279000 0.169434 0.152400
10 0.059814 0.663000 0.032715 0.030800
1 0.293945 0.314000 0.284180 0.351200
4 0.312500 0.195000 0.072266 0.048400
8 0.850098 0.254600 0.035156 0.027600
13 0.811523 0.248800 0.136719 0.102400
13 0.295654 0.321000 0.281738 0.326800
11 0.059814 0.663000 0.032715 0.030800
8 0.852051 0.255400 0.029297 0.029200
6 0.257324 0.323800 0.114258 0.099600
6 0.302979 0.306000 0.315918 0.363200
13 0.797363 0.269800 0.166992 0.169200
13 0.293945 0.314000 0.284180 0.351200
13 0.302979 0.306000 0.315918 0.363200
