13 0.327148 0.298400 0.258789 0.186400
11 0.132324 0.900400 0.085938 0.091200
11 0.675537 0.186600 0.117676 0.013200
10 0.132324 0.900400 0.085938 0.091200
11 0.957764 0.933400 0.047363 0.050800
6 0.333740 0.299400 0.285645 0.214000
10 0.135986 0.893600 0.064941 0.096000
6 0.349609 0.254400 0.215820 0.156000
11 0.389160 0.192600 0.120117 0.038800
11 0.124023 0.914600 0.082031 0.106800
13 0.333740 0.299400 0.285645 0.214000
11 0.691650 0.182000 0.129395 0.020800
9 0.845215 0.855200 0.182617 0.094400
11 0.958496 0.938400 0.041016 0.046400
11 0.135986 0.893600 0.064941 0.096000
11 0.959717 0.938800 0.057129 0.049600
13 0.349609 0.254400 0.215820 0.156000
11 0.353760 0.198600 0.176270 0.062800
10 0.957764 0.933400 0.047363 0.050800
0 0.616455 0.390400 0.108887 0.087200
10 0.958496 0.938400 0.041016 0.046400
