10 0.160319 0.748372 0.028320 0.046224
13 0.296224 0.210938 0.046875 0.072917
13 0.318522 0.266439 0.122721 0.158529
7 0.761230 0.598633 0.064779 0.097656
6 0.761230 0.598633 0.064779 0.097656
11 0.602051 0.167318 0.113607 0.018229
11 0.160319 0.748372 0.028320 0.046224
13 0.643717 0.280762 0.075846 0.095378
9 0.311849 0.273275 0.143229 0.170247
7 0.217611 0.553385 0.059570 0.074219
6 0.217611 0.553385 0.059570 0.074219
11 0.640788 0.173991 0.050456 0.026367
11 0.319661 0.182617 0.094401 0.044922
