5 0.307138 0.625041 0.186734 0.200460
10 0.085977 0.789024 0.050829 0.037463
10 0.836698 0.721328 0.180245 0.272757
10 0.845350 0.681236 0.161500 0.214262
7 0.839041 0.692902 0.112112 0.149523
6 0.307138 0.625041 0.186734 0.200460
10 0.082552 0.785081 0.036049 0.069011
11 0.669070 0.125041 0.139870 0.029247
10 0.839582 0.704568 0.177361 0.257640
11 0.677181 0.119454 0.135905 0.032534
11 0.085977 0.789024 0.050829 0.037463
11 0.082552 0.785081 0.036049 0.069011
11 0.839582 0.704568 0.177361 0.257640
