8 0.723837 0.245317 0.049419 0.041021
13 0.781250 0.338986 0.057413 0.048127
11 0.305596 0.248708 0.247820 0.144703
1 0.314680 0.317991 0.183140 0.083656
13 0.782885 0.343185 0.054142 0.058463
11 0.311410 0.253230 0.284884 0.172481
2 0.672057 0.236596 0.022892 0.044897
11 0.683321 0.168282 0.220567 0.063953
13 0.780887 0.344315 0.047965 0.056202
2 0.699673 0.248385 0.088299 0.083333
13 0.303416 0.358366 0.202762 0.157300
0 0.580124 0.376776 0.135538 0.159884
8 0.722384 0.245317 0.046512 0.034561
1 0.295785 0.237888 0.256541 0.093346
0 0.581395 0.370317 0.143895 0.159884
2 0.676235 0.240310 0.031250 0.047158
13 0.848656 0.409884 0.047602 0.063307
13 0.699673 0.248385 0.088299 0.083333
13 0.314680 0.317991 0.183140 0.083656
11 0.757086 0.186854 0.118823 0.077842
13 0.300145 0.317991 0.186773 0.109496
2 0.722384 0.245317 0.046512 0.034561
