11 0.370647 0.139557 0.137390 0.049255
13 0.626674 0.226613 0.070800 0.097365
0 0.577306 0.353379 0.117489 0.160748
13 0.382511 0.208667 0.060850 0.097365
7 0.620934 0.209240 0.124378 0.145857
13 0.385381 0.212677 0.058936 0.106911
11 0.652124 0.155976 0.136242 0.043910
0 0.592423 0.357388 0.107922 0.160367
11 0.618255 0.168767 0.128971 0.060328
13 0.409682 0.198549 0.101416 0.106147
13 0.620934 0.209240 0.124378 0.145857
0 0.580367 0.359870 0.114428 0.165330
13 0.627248 0.223559 0.065825 0.101184
1 0.620934 0.209240 0.124378 0.145857
11 0.361653 0.147194 0.114811 0.051546
