13 0.755425 0.450521 0.061198 0.032292
13 0.698351 0.390451 0.063368 0.061458
8 0.810113 0.672396 0.018663 0.017708
13 0.718750 0.430382 0.246528 0.228125
13 0.208984 0.404514 0.095920 0.041667
13 0.203776 0.399826 0.103733 0.044792
9 0.810113 0.672396 0.018663 0.017708
11 0.297092 0.228472 0.133247 0.071528
13 0.218750 0.401562 0.077257 0.038542
11 0.722222 0.722917 0.067708 0.027778
13 0.680556 0.266319 0.090278 0.089583
13 0.718750 0.332639 0.165799 0.264583
11 0.299262 0.233507 0.150608 0.096181
