4 0.264974 0.523958 0.148003 0.117361
8 0.319661 0.379861 0.110677 0.101389
5 0.191189 0.493924 0.105469 0.223264
0 0.519097 0.326563 0.123264 0.114236
5 0.726562 0.543403 0.111979 0.243750
11 0.342665 0.165799 0.168837 0.035069
5 0.709418 0.523785 0.164497 0.283681
8 0.316840 0.384375 0.124132 0.106250
8 0.321181 0.384375 0.117188 0.115972
0 0.532986 0.319965 0.115451 0.105208
5 0.211806 0.519444 0.222222 0.242361
11 0.692057 0.206076 0.108941 0.092708
7 0.319661 0.379861 0.110677 0.101389
5 0.708116 0.525174 0.150608 0.287847
5 0.192708 0.527083 0.231771 0.211111
13 0.264974 0.523958 0.148003 0.117361
0 0.536892 0.317535 0.098958 0.110069
