3 0.603555 0.671857 0.465654 0.188014
10 0.159303 0.750147 0.096997 0.120153
4 0.252675 0.491921 0.124266 0.104877
9 0.900069 0.728702 0.114256 0.140129
7 0.430100 0.315511 0.133241 0.235018
11 0.180014 0.503378 0.110114 0.365746
7 0.900069 0.728702 0.114256 0.140129
11 0.715395 0.203290 0.247497 0.095182
7 0.264066 0.491627 0.094581 0.108989
7 0.412151 0.306698 0.128409 0.227380
10 0.255954 0.522327 0.257163 0.669800
2 0.197618 0.416716 0.038315 0.065511
11 0.159303 0.750147 0.096997 0.120153
0 0.632033 0.332256 0.125647 0.142186
10 0.153262 0.728408 0.056610 0.078437
5 0.305661 0.479289 0.172938 0.404524
13 0.305661 0.479289 0.172938 0.404524
3 0.608906 0.648649 0.443907 0.216804
9 0.305661 0.479289 0.172938 0.404524
5 0.272351 0.491187 0.205730 0.440658
11 0.238868 0.470917 0.227822 0.510576
13 0.806869 0.459753 0.198481 0.349001
0 0.621850 0.334606 0.143252 0.156874
2 0.193131 0.425235 0.028650 0.060223
2 0.180014 0.503378 0.110114 0.365746
5 0.806869 0.459753 0.198481 0.349001
5 0.808768 0.496034 0.256127 0.550823
9 0.806869 0.459753 0.198481 0.349001
