11 0.699606 0.212565 0.140945 0.113281
13 0.690551 0.293783 0.203937 0.198242
13 0.690157 0.298177 0.207087 0.255208
5 0.277165 0.561035 0.159843 0.115560
11 0.797047 0.617025 0.076772 0.226888
10 0.800787 0.616699 0.088189 0.247070
7 0.715945 0.577474 0.149213 0.199870
13 0.674213 0.307780 0.249213 0.256185
11 0.797047 0.608398 0.096457 0.256510
10 0.817126 0.731445 0.063386 0.078125
7 0.755906 0.596191 0.152756 0.228841
11 0.800787 0.616699 0.088189 0.247070
6 0.674213 0.307780 0.249213 0.256185
