7 0.737793 0.540202 0.105794 0.237305
10 0.797689 0.700521 0.036133 0.059896
0 0.565267 0.316569 0.079753 0.077148
13 0.701986 0.420247 0.120117 0.157552
3 0.571777 0.602865 0.367513 0.102214
3 0.574544 0.591309 0.335286 0.125977
8 0.646647 0.209473 0.012044 0.026367
3 0.577637 0.585612 0.353841 0.123698
2 0.725423 0.357747 0.017253 0.016927
11 0.797689 0.700521 0.036133 0.059896
0 0.559896 0.310221 0.085938 0.080078
13 0.685872 0.421549 0.108073 0.030599
2 0.644694 0.208171 0.011393 0.021159
2 0.726725 0.355957 0.018555 0.022461
13 0.674967 0.422852 0.105794 0.024089
