8 0.735737 0.195793 0.020602 0.020650
11 0.675713 0.163098 0.206418 0.103633
13 0.662044 0.203250 0.094295 0.112811
0 0.550515 0.316444 0.112124 0.134226
8 0.773772 0.321033 0.037242 0.036329
2 0.754952 0.249522 0.031300 0.043977
13 0.735737 0.195793 0.020602 0.020650
2 0.769810 0.317782 0.044374 0.039771
13 0.314580 0.168834 0.019017 0.074570
0 0.550317 0.326577 0.135499 0.147610
2 0.761886 0.262906 0.072108 0.159465
8 0.752179 0.239579 0.043185 0.030975
13 0.681854 0.184130 0.137876 0.081453
0 0.549723 0.308413 0.108954 0.128107
13 0.311014 0.169981 0.019810 0.082983
11 0.591918 0.136711 0.118067 0.030975
13 0.316759 0.200382 0.040016 0.136138
13 0.752179 0.239579 0.043185 0.030975
13 0.773772 0.321033 0.037242 0.036329
