8 0.626302 0.324306 0.070312 0.084028
8 0.763455 0.629514 0.032986 0.031944
9 0.327691 0.426042 0.081597 0.140278
8 0.240668 0.629167 0.062066 0.038889
8 0.197266 0.471701 0.071615 0.047569
8 0.761068 0.347743 0.030816 0.033681
8 0.626519 0.327083 0.082899 0.101389
8 0.269531 0.405903 0.040799 0.041667
8 0.251302 0.552951 0.046875 0.039931
8 0.638672 0.407292 0.042969 0.041667
8 0.159071 0.540625 0.049913 0.035417
8 0.740017 0.397917 0.036458 0.036806
0 0.550347 0.339757 0.120660 0.100347
8 0.215495 0.352431 0.049045 0.042361
8 0.118924 0.597743 0.046875 0.030208
8 0.763238 0.477951 0.131510 0.369792
8 0.765191 0.343056 0.029514 0.027083
8 0.152561 0.641840 0.061198 0.043403
8 0.189019 0.603125 0.049045 0.032639
8 0.202908 0.524826 0.255642 0.360069
8 0.612196 0.322222 0.115885 0.095833
8 0.166667 0.412500 0.040799 0.028472
