2 0.243818 0.302567 0.036321 0.031997
13 0.269127 0.354958 0.050618 0.027778
8 0.283810 0.347574 0.021252 0.024262
13 0.233385 0.296062 0.057960 0.035162
11 0.771445 0.772679 0.044436 0.046062
0 0.552164 0.349859 0.156878 0.157525
13 0.632342 0.213256 0.056801 0.132560
13 0.285549 0.218354 0.024730 0.030942
0 0.550039 0.351969 0.154173 0.162447
8 0.296368 0.385021 0.040958 0.030942
2 0.283810 0.347574 0.021252 0.024262
5 0.237442 0.608826 0.233771 0.417370
13 0.281685 0.221167 0.034003 0.033755
13 0.641229 0.228551 0.025116 0.089311
8 0.243818 0.302567 0.036321 0.031997
5 0.734544 0.576125 0.286708 0.480661
0 0.553516 0.356188 0.166538 0.175809
8 0.246522 0.300985 0.022411 0.024613
