10 0.273296 0.834374 0.342837 0.059152
9 0.424374 0.299047 0.053894 0.228064
10 0.127782 0.827144 0.069193 0.080184
11 0.127782 0.827144 0.069193 0.080184
13 0.210014 0.736773 0.217663 0.047322
13 0.273992 0.619126 0.199583 0.130792
9 0.535814 0.508873 0.262170 0.671377
13 0.244437 0.733815 0.236439 0.076241
13 0.277990 0.623069 0.200626 0.118304
13 0.240960 0.603188 0.150209 0.115347
13 0.233658 0.731679 0.248957 0.064739
10 0.253477 0.836346 0.322670 0.059809
9 0.532163 0.502958 0.281293 0.653631
