0 0.548828 0.331771 0.132378 0.119792
6 0.779297 0.672743 0.211372 0.283681
0 0.563585 0.342014 0.119358 0.111111
3 0.554470 0.660243 0.449219 0.164236
8 0.201823 0.596181 0.286458 0.384028
8 0.861111 0.713542 0.022569 0.018056
8 0.696615 0.478646 0.028646 0.020486
8 0.138021 0.652257 0.046875 0.041319
6 0.220703 0.641319 0.275608 0.318750
8 0.801432 0.605382 0.021267 0.014931
8 0.856771 0.746354 0.017361 0.017708
8 0.774957 0.626389 0.237413 0.378472
13 0.220703 0.641319 0.275608 0.318750
8 0.216363 0.633160 0.021267 0.014931
8 0.280599 0.705729 0.022135 0.016319
8 0.680773 0.535764 0.023003 0.017361
0 0.560764 0.341319 0.126736 0.127083
3 0.563151 0.697049 0.472656 0.120486
13 0.779297 0.672743 0.211372 0.283681
