1 0.664931 0.283333 0.109375 0.138889
13 0.316406 0.476736 0.211806 0.215972
7 0.266276 0.478819 0.332031 0.395139
13 0.664931 0.283333 0.109375 0.138889
7 0.274957 0.469618 0.301649 0.344097
1 0.279948 0.426389 0.213542 0.140278
10 0.274740 0.483333 0.380208 0.575000
10 0.252387 0.492361 0.377170 0.616667
11 0.623047 0.206250 0.199219 0.070833
13 0.631727 0.290104 0.046441 0.141319
7 0.255425 0.472743 0.329427 0.402431
10 0.235026 0.481944 0.378906 0.561111
10 0.302300 0.444618 0.213108 0.169097
7 0.274740 0.483333 0.380208 0.575000
13 0.643880 0.292535 0.062066 0.128819
9 0.482205 0.798090 0.246528 0.403819
