6 0.838760 0.471464 0.127109 0.123522
4 0.828756 0.467183 0.067085 0.079087
3 0.601412 0.634733 0.498235 0.158174
3 0.607493 0.595393 0.498627 0.176519
7 0.246960 0.577660 0.188701 0.075826
9 0.867203 0.595597 0.104747 0.161435
0 0.587485 0.354668 0.123578 0.143498
0 0.588466 0.377293 0.120832 0.162658
3 0.611809 0.629841 0.531581 0.092947
7 0.867203 0.595597 0.104747 0.161435
0 0.599451 0.360987 0.116909 0.152874
13 0.246960 0.577660 0.188701 0.075826
4 0.831503 0.475132 0.134563 0.415410
7 0.838760 0.471464 0.127109 0.123522
