8 0.287023 0.580370 0.029771 0.021269
8 0.193702 0.550035 0.025573 0.017782
8 0.770420 0.455370 0.033969 0.025105
8 0.196947 0.324442 0.021374 0.020572
11 0.388740 0.102859 0.103435 0.037657
8 0.284160 0.383543 0.027863 0.023710
0 0.597710 0.281206 0.164885 0.142608
8 0.197519 0.550907 0.027863 0.027197
8 0.772710 0.457985 0.027099 0.024059
8 0.663740 0.412308 0.038931 0.021967
8 0.666221 0.421897 0.052290 0.046025
8 0.782252 0.490063 0.029389 0.025453
8 0.688359 0.200662 0.030916 0.028243
0 0.609160 0.263075 0.123664 0.133543
13 0.828244 0.566946 0.026718 0.024407
8 0.251718 0.436192 0.025573 0.021618
8 0.195992 0.551430 0.031679 0.021967
9 0.197519 0.550907 0.027863 0.027197
0 0.599618 0.264644 0.143511 0.117155
8 0.661832 0.492678 0.045038 0.041144
8 0.253817 0.596409 0.030534 0.024756
8 0.194656 0.324616 0.022901 0.018131
8 0.771756 0.456067 0.029771 0.020921
9 0.772710 0.457985 0.027099 0.024059
