4 0.753476 0.567862 0.305522 0.424326
4 0.257648 0.531863 0.323004 0.520221
4 0.736194 0.595741 0.331347 0.420650
11 0.326778 0.217984 0.185538 0.045650
7 0.736194 0.595741 0.331347 0.420650
7 0.257648 0.531863 0.323004 0.520221
9 0.797378 0.791973 0.176400 0.110907
7 0.753476 0.567862 0.305522 0.424326
0 0.581843 0.354013 0.116408 0.089767
7 0.240564 0.552083 0.354787 0.523897
11 0.683552 0.210631 0.155344 0.053615
11 0.329956 0.216299 0.139452 0.044730
4 0.240564 0.552083 0.354787 0.523897
0 0.575288 0.361060 0.127930 0.114890
