9 0.131403 0.555378 0.032665 0.018566
13 0.159428 0.650608 0.086488 0.028489
0 0.550854 0.343950 0.115071 0.093150
8 0.253898 0.680538 0.043801 0.032650
13 0.161099 0.545935 0.082405 0.034251
2 0.742390 0.561940 0.047513 0.033611
9 0.147550 0.649648 0.061247 0.028489
2 0.230512 0.562740 0.026726 0.030090
8 0.230698 0.495198 0.027097 0.027529
9 0.253898 0.680538 0.043801 0.032650
2 0.746845 0.559219 0.034150 0.037132
8 0.257238 0.680218 0.034150 0.026889
8 0.742390 0.561940 0.047513 0.033611
9 0.230883 0.560819 0.028953 0.032010
8 0.255568 0.680858 0.041203 0.027529
9 0.746845 0.559219 0.034150 0.037132
2 0.224573 0.501921 0.033408 0.030730
8 0.150148 0.650448 0.063474 0.021767
11 0.325353 0.192382 0.151819 0.039052
