1 0.646534 0.142045 0.199580 0.126976
10 0.165179 0.764081 0.076155 0.070652
10 0.844275 0.699605 0.039391 0.068182
10 0.165441 0.789032 0.077731 0.087945
11 0.165441 0.789032 0.077731 0.087945
7 0.774422 0.294466 0.176996 0.309289
7 0.770221 0.335474 0.205357 0.333992
7 0.614758 0.194417 0.136029 0.204051
11 0.614758 0.194417 0.136029 0.204051
7 0.318015 0.195652 0.148634 0.200593
13 0.324317 0.183794 0.171744 0.205534
6 0.774422 0.294466 0.176996 0.309289
11 0.654674 0.135623 0.191702 0.121047
10 0.839548 0.713933 0.065651 0.083992
7 0.324317 0.183794 0.171744 0.205534
11 0.839548 0.713933 0.065651 0.083992
6 0.750263 0.337204 0.223214 0.386858
11 0.844275 0.699605 0.039391 0.068182
13 0.337447 0.195405 0.180147 0.183300
6 0.337447 0.195405 0.180147 0.183300
13 0.750263 0.337204 0.223214 0.386858
11 0.165179 0.764081 0.076155 0.070652
