11 0.387185 0.138972 0.165966 0.027694
11 0.384034 0.139640 0.178992 0.030364
0 0.628782 0.389890 0.128992 0.107774
0 0.631513 0.397731 0.136134 0.104771
13 0.905882 0.684852 0.076471 0.101768
13 0.890126 0.508342 0.061765 0.017684
6 0.784244 0.510844 0.277731 0.204204
3 0.663445 0.742242 0.488235 0.126460
0 0.629412 0.420420 0.131092 0.152152
3 0.660294 0.761428 0.474370 0.082749
6 0.800000 0.504671 0.171429 0.209877
13 0.304202 0.684351 0.253782 0.043377
13 0.715126 0.348015 0.037815 0.052052
7 0.738866 0.521188 0.134034 0.168836
11 0.701471 0.178512 0.160924 0.048715
5 0.800000 0.504671 0.171429 0.209877
11 0.696429 0.160327 0.132353 0.042376
