13 0.147569 0.466667 0.153646 0.069444
2 0.147569 0.466667 0.153646 0.069444
0 0.472873 0.375174 0.095920 0.095486
7 0.258681 0.412500 0.118056 0.053472
3 0.488281 0.618750 0.406250 0.109028
3 0.480035 0.613368 0.394965 0.112153
13 0.131076 0.455035 0.115451 0.044097
13 0.221137 0.400521 0.051649 0.036458
7 0.082465 0.439931 0.053819 0.047222
13 0.149089 0.460764 0.100260 0.029167
7 0.194878 0.473437 0.070312 0.062847
6 0.258681 0.412500 0.118056 0.053472
11 0.218316 0.234375 0.054688 0.020833
0 0.468316 0.367361 0.106771 0.075000
2 0.189453 0.471528 0.063802 0.056944
0 0.466797 0.377257 0.109809 0.107292
11 0.040582 0.701389 0.055990 0.061111
10 0.040582 0.701389 0.055990 0.061111
2 0.221137 0.400521 0.051649 0.036458
7 0.196398 0.369097 0.254774 0.248611
3 0.483941 0.636285 0.407986 0.111458
7 0.198568 0.379514 0.260851 0.253472
