13 0.258481 0.433058 0.123894 0.054228
8 0.222529 0.401654 0.091077 0.069240
0 0.578355 0.334865 0.094764 0.088235
10 0.079093 0.892310 0.049779 0.066483
11 0.077987 0.895067 0.054941 0.086703
13 0.224373 0.408548 0.085177 0.071998
8 0.221608 0.401348 0.089971 0.066789
13 0.267515 0.421875 0.133850 0.085172
11 0.079646 0.899969 0.044985 0.065870
8 0.781342 0.264246 0.015487 0.018076
5 0.812316 0.605086 0.112094 0.228554
11 0.079093 0.892310 0.049779 0.066483
5 0.243732 0.618260 0.154867 0.202206
10 0.077987 0.895067 0.054941 0.086703
