6 0.378743 0.252767 0.208659 0.146810
13 0.378743 0.252767 0.208659 0.146810
7 0.287435 0.568034 0.125651 0.110026
7 0.267578 0.551921 0.073568 0.043945
7 0.743652 0.359863 0.103190 0.165039
6 0.712077 0.322103 0.178060 0.230143
6 0.342611 0.263997 0.135091 0.135417
6 0.367025 0.251302 0.155924 0.125651
6 0.743652 0.359863 0.103190 0.165039
7 0.367025 0.251302 0.155924 0.125651
7 0.653320 0.203776 0.057943 0.037109
6 0.287435 0.568034 0.125651 0.110026
6 0.269043 0.556641 0.084310 0.041667
13 0.712077 0.322103 0.178060 0.230143
6 0.736654 0.329264 0.117188 0.066732
