6 0.270020 0.472656 0.279622 0.445964
13 0.687988 0.507324 0.223633 0.390951
13 0.270020 0.472656 0.279622 0.445964
9 0.349609 0.266927 0.145833 0.149089
5 0.291178 0.442383 0.271810 0.438151
5 0.672201 0.522786 0.257812 0.406901
6 0.291178 0.442383 0.271810 0.438151
9 0.291178 0.442383 0.271810 0.438151
9 0.670085 0.319173 0.151367 0.159180
6 0.281738 0.475423 0.296549 0.432617
13 0.672201 0.522786 0.257812 0.406901
5 0.687988 0.507324 0.223633 0.390951
6 0.716797 0.546224 0.183594 0.333984
6 0.687988 0.507324 0.223633 0.390951
13 0.716797 0.546224 0.183594 0.333984
0 0.550781 0.298828 0.082031 0.105469
11 0.324382 0.196289 0.089518 0.048177
9 0.687988 0.507324 0.223633 0.390951
5 0.281738 0.475423 0.296549 0.432617
0 0.552083 0.313477 0.105469 0.097656
0 0.559570 0.322917 0.110026 0.127604
13 0.281738 0.475423 0.296549 0.432617
6 0.672201 0.522786 0.257812 0.406901
13 0.291178 0.442383 0.271810 0.438151
