11 0.679081 0.234701 0.143621 0.069010
5 0.275837 0.523600 0.282965 0.545247
8 0.671418 0.549316 0.220242 0.243815
10 0.848717 0.701172 0.065217 0.052734
5 0.718639 0.456543 0.244120 0.469076
13 0.711689 0.462728 0.248753 0.484701
9 0.718639 0.456543 0.244120 0.469076
11 0.862081 0.701497 0.064861 0.068359
7 0.672309 0.529460 0.197078 0.216471
10 0.862081 0.701497 0.064861 0.068359
3 0.671418 0.549316 0.220242 0.243815
5 0.264612 0.527832 0.247684 0.501628
5 0.261582 0.534017 0.253029 0.491862
5 0.711689 0.462728 0.248753 0.484701
13 0.264612 0.527832 0.247684 0.501628
8 0.670706 0.523763 0.200998 0.214193
7 0.670706 0.523763 0.200998 0.214193
9 0.261582 0.534017 0.253029 0.491862
5 0.724341 0.462728 0.286885 0.450846
13 0.261582 0.534017 0.253029 0.491862
13 0.718639 0.456543 0.244120 0.469076
8 0.672309 0.529460 0.197078 0.216471
