13 0.231559 0.403585 0.121673 0.067873
11 0.686692 0.106857 0.212167 0.089802
7 0.322053 0.221197 0.292015 0.311521
13 0.753992 0.211103 0.177947 0.145144
11 0.727947 0.123042 0.117490 0.052558
8 0.231559 0.403585 0.121673 0.067873
8 0.224715 0.388792 0.022814 0.020188
8 0.178897 0.408458 0.005703 0.011486
13 0.842015 0.319527 0.073384 0.049426
8 0.822433 0.324574 0.038783 0.028890
8 0.186502 0.431257 0.011027 0.009746
13 0.322053 0.221197 0.292015 0.311521
13 0.760076 0.238427 0.260076 0.225548
8 0.408365 0.456840 0.046388 0.063696
13 0.832510 0.325270 0.084791 0.064393
8 0.225285 0.304386 0.090114 0.090150
11 0.687643 0.105465 0.242966 0.084929
13 0.741635 0.218413 0.152471 0.124956
13 0.306654 0.291681 0.260456 0.291681
1 0.324905 0.165158 0.225475 0.136095
13 0.225285 0.304386 0.090114 0.090150
0 0.578137 0.281065 0.144867 0.145841
8 0.234030 0.418030 0.026236 0.021580
8 0.285171 0.390707 0.025856 0.022624
