13 0.288554 0.396689 0.251807 0.139073
11 0.366717 0.750166 0.054518 0.049338
11 0.707380 0.791887 0.060542 0.030795
2 0.285542 0.514570 0.036747 0.039073
8 0.281928 0.514238 0.039157 0.043046
8 0.287048 0.518709 0.043373 0.042715
11 0.367169 0.123013 0.060843 0.033444
11 0.578614 0.120364 0.113253 0.036755
13 0.320030 0.312417 0.132229 0.259272
11 0.365512 0.749503 0.059940 0.042715
13 0.704066 0.749669 0.071386 0.113245
9 0.365512 0.749503 0.059940 0.042715
13 0.334036 0.367715 0.109036 0.048675
9 0.707380 0.791887 0.060542 0.030795
0 0.542470 0.331954 0.106024 0.126821
11 0.728614 0.790397 0.042771 0.066225
