11 0.723796 0.652995 0.030924 0.047526
0 0.490560 0.235677 0.071615 0.084635
0 0.496419 0.227865 0.063151 0.067708
10 0.723796 0.652995 0.030924 0.047526
11 0.346842 0.069336 0.061523 0.016927
11 0.732747 0.653646 0.029297 0.034505
13 0.276204 0.232096 0.059570 0.097005
0 0.496094 0.239095 0.068359 0.086914
11 0.578613 0.093424 0.085612 0.037760
3 0.511719 0.571615 0.312500 0.098307
11 0.351562 0.075521 0.071615 0.032552
11 0.579102 0.095378 0.104167 0.050781
11 0.200521 0.690592 0.029297 0.037435
7 0.247396 0.282064 0.070964 0.082357
9 0.346517 0.422038 0.082357 0.149414
11 0.361816 0.074382 0.084961 0.019857
13 0.247396 0.282064 0.070964 0.082357
