11 0.188770 0.496014 0.113837 0.146273
11 0.152549 0.515943 0.061326 0.162216
11 0.282867 0.590674 0.098888 0.122758
13 0.230548 0.465126 0.044078 0.069350
11 0.193177 0.499801 0.107321 0.159426
11 0.809506 0.337784 0.081257 0.148665
2 0.152549 0.515943 0.061326 0.162216
13 0.840552 0.573735 0.026830 0.022718
3 0.626869 0.711240 0.425834 0.148665
11 0.831736 0.428458 0.125719 0.330012
3 0.628977 0.745516 0.428517 0.142288
7 0.282867 0.590674 0.098888 0.122758
11 0.826179 0.432443 0.106171 0.334795
2 0.183979 0.795138 0.090456 0.073336
0 0.590264 0.360701 0.115753 0.160223
0 0.591223 0.353129 0.110004 0.147469
2 0.809506 0.337784 0.081257 0.148665
0 0.584323 0.335791 0.117670 0.126345
11 0.282292 0.595257 0.096205 0.110403
11 0.181296 0.797330 0.092756 0.078517
11 0.180912 0.797330 0.088156 0.072937
8 0.263128 0.622559 0.068609 0.046234
