13 0.380371 0.133138 0.073893 0.142578
9 0.726237 0.359538 0.101562 0.071289
0 0.618001 0.232422 0.151367 0.175781
3 0.609538 0.444336 0.369466 0.111328
3 0.605632 0.443197 0.377279 0.094727
5 0.347493 0.326497 0.188477 0.254557
2 0.260742 0.391602 0.014323 0.012370
8 0.353841 0.168945 0.016276 0.013672
0 0.627116 0.202799 0.112956 0.117839
13 0.346517 0.169434 0.053060 0.060221
7 0.753255 0.405436 0.151693 0.179362
0 0.606608 0.211914 0.159180 0.130859
13 0.293294 0.224284 0.059245 0.036458
8 0.260742 0.391602 0.014323 0.012370
