13 0.315538 0.439583 0.171007 0.039583
10 0.205295 0.586285 0.055556 0.059375
13 0.293186 0.443924 0.134983 0.037847
11 0.344618 0.251389 0.088542 0.084722
0 0.684896 0.344271 0.106771 0.150347
11 0.207031 0.581944 0.081597 0.053472
10 0.207031 0.581944 0.081597 0.053472
13 0.298394 0.532986 0.148872 0.031250
13 0.328776 0.442535 0.105469 0.030903
11 0.206597 0.588542 0.051215 0.040972
10 0.206597 0.588542 0.051215 0.040972
11 0.205295 0.586285 0.055556 0.059375
0 0.652561 0.330903 0.136719 0.144444
