9 0.431777 0.481976 0.044879 0.105890
0 0.610749 0.272288 0.098806 0.077889
3 0.574195 0.642581 0.437568 0.224976
13 0.322114 0.528323 0.139703 0.159318
11 0.394137 0.106855 0.114368 0.065014
12 0.269453 0.659800 0.211003 0.115224
3 0.572385 0.644834 0.433949 0.203090
13 0.293522 0.558577 0.181687 0.113614
13 0.363735 0.497264 0.157076 0.119086
2 0.649656 0.286128 0.015925 0.027036
12 0.283388 0.647892 0.248281 0.125523
7 0.293522 0.558577 0.181687 0.113614
7 0.256424 0.472803 0.126312 0.224010
3 0.577452 0.632926 0.428882 0.236563
12 0.270177 0.650467 0.236337 0.132604
0 0.611292 0.272127 0.102787 0.082716
