9 0.034939 0.542708 0.017795 0.022917
9 0.151259 0.472569 0.023872 0.025694
0 0.539062 0.343576 0.122396 0.086458
9 0.839844 0.552083 0.021701 0.018750
9 0.151259 0.472396 0.019531 0.024653
11 0.062934 0.811111 0.050347 0.043750
9 0.219835 0.496354 0.047309 0.034375
8 0.149089 0.472569 0.026476 0.024306
9 0.837674 0.551042 0.026910 0.029167
10 0.050130 0.815972 0.038628 0.085417
11 0.050130 0.815972 0.038628 0.085417
8 0.838759 0.551736 0.016927 0.022917
11 0.328125 0.149306 0.148438 0.020833
9 0.219401 0.496875 0.037760 0.038194
8 0.221354 0.497569 0.042535 0.034722
11 0.614800 0.162153 0.156684 0.031250
10 0.062934 0.811111 0.050347 0.043750
9 0.036024 0.542014 0.022569 0.020139
