6 0.812289 0.550926 0.159206 0.188059
10 0.899704 0.867018 0.028294 0.037995
9 0.690456 0.169061 0.054054 0.025223
7 0.792441 0.481801 0.068834 0.060664
0 0.604096 0.367976 0.122044 0.111430
13 0.879223 0.504151 0.042230 0.015964
3 0.592905 0.749202 0.483108 0.159962
7 0.690456 0.169061 0.054054 0.025223
0 0.596495 0.363506 0.141470 0.101852
11 0.899704 0.867018 0.028294 0.037995
7 0.843117 0.586047 0.068834 0.062899
4 0.792441 0.481801 0.068834 0.060664
6 0.843117 0.586047 0.068834 0.062899
7 0.794130 0.502235 0.103463 0.081737
