8 0.456055 0.145182 0.016927 0.023438
10 0.876790 0.739583 0.028320 0.033203
10 0.881185 0.741374 0.017578 0.027018
13 0.403646 0.287598 0.104818 0.072591
9 0.562174 0.257487 0.108724 0.333984
11 0.881185 0.741374 0.017578 0.027018
13 0.747396 0.341634 0.074870 0.047852
9 0.726562 0.332520 0.027995 0.023763
13 0.726562 0.332520 0.027995 0.023763
11 0.876790 0.739583 0.028320 0.033203
0 0.630371 0.293945 0.097982 0.098958
8 0.407064 0.281250 0.056966 0.050130
13 0.411784 0.288249 0.112630 0.073242
11 0.647624 0.114421 0.053060 0.040690
13 0.407064 0.281250 0.056966 0.050130
