8 0.350775 0.562500 0.089147 0.083221
8 0.219574 0.483827 0.031395 0.022237
8 0.770736 0.423518 0.180233 0.190701
8 0.817248 0.709569 0.106589 0.117925
11 0.119574 0.826819 0.042248 0.055930
8 0.277519 0.684468 0.025581 0.022574
10 0.119574 0.826819 0.042248 0.055930
8 0.796512 0.661220 0.031783 0.026617
8 0.778295 0.495283 0.034109 0.030997
8 0.351163 0.340296 0.020155 0.017520
8 0.852132 0.740061 0.023643 0.014488
8 0.169380 0.744104 0.042636 0.031334
8 0.795349 0.658693 0.033333 0.026280
0 0.554651 0.378875 0.130233 0.118935
8 0.726744 0.368935 0.061240 0.035040
13 0.314922 0.428403 0.081008 0.038747
8 0.170543 0.744272 0.031008 0.030323
8 0.349225 0.691543 0.025581 0.021900
8 0.745155 0.368430 0.024419 0.019879
8 0.352519 0.665431 0.031395 0.023585
7 0.784690 0.423686 0.058527 0.047507
11 0.600775 0.198450 0.099225 0.019542
7 0.770736 0.423518 0.180233 0.190701
8 0.355039 0.563679 0.087597 0.078841
8 0.850194 0.740735 0.020543 0.014488
8 0.770349 0.500000 0.024419 0.018194
5 0.710271 0.647069 0.146899 0.199798
8 0.281783 0.508592 0.348837 0.611523
8 0.220930 0.483996 0.034884 0.021226
5 0.251744 0.651786 0.124419 0.150606
8 0.152519 0.675034 0.017442 0.016509
8 0.706008 0.372136 0.020543 0.017857
8 0.245736 0.531671 0.027907 0.021563
