11 0.568097 0.156566 0.110075 0.026018
13 0.147015 0.536884 0.105224 0.027548
13 0.146269 0.591215 0.111194 0.124579
11 0.106157 0.691001 0.023507 0.084175
11 0.101493 0.668044 0.029104 0.131313
2 0.106157 0.691001 0.023507 0.084175
9 0.386567 0.365779 0.111194 0.243649
9 0.572948 0.333486 0.118284 0.127640
0 0.565672 0.341445 0.147015 0.138659
3 0.552985 0.565963 0.522388 0.133456
2 0.101493 0.668044 0.029104 0.131313
3 0.559701 0.583869 0.526119 0.120906
0 0.535261 0.333946 0.187687 0.144475
13 0.157276 0.629170 0.072761 0.142945
3 0.545896 0.588001 0.501493 0.115702
