10 0.139370 0.684733 0.054331 0.076497
7 0.724213 0.281250 0.301181 0.355469
6 0.218898 0.397949 0.218898 0.365560
6 0.205315 0.433268 0.156299 0.468099
6 0.729134 0.283366 0.292126 0.357747
10 0.788386 0.650228 0.220079 0.266602
10 0.798425 0.662272 0.188976 0.116862
10 0.834843 0.649089 0.124016 0.164714
4 0.729134 0.283366 0.292126 0.357747
6 0.724213 0.281250 0.301181 0.355469
10 0.136024 0.684733 0.078346 0.067383
4 0.218898 0.397949 0.218898 0.365560
6 0.211220 0.421875 0.172835 0.330729
11 0.129331 0.680990 0.061811 0.072917
13 0.729134 0.283366 0.292126 0.357747
6 0.731890 0.301270 0.322047 0.357747
11 0.788386 0.650228 0.220079 0.266602
13 0.218898 0.397949 0.218898 0.365560
10 0.129331 0.680990 0.061811 0.072917
