8 0.770918 0.575822 0.015986 0.017898
11 0.614626 0.147576 0.138776 0.040026
8 0.825000 0.691995 0.013265 0.013342
11 0.374830 0.157501 0.078912 0.035145
8 0.233673 0.435568 0.023810 0.030914
8 0.759354 0.351285 0.022789 0.030914
8 0.286565 0.333550 0.022109 0.022128
8 0.795578 0.770582 0.009524 0.009762
11 0.620068 0.164009 0.165986 0.113895
8 0.772279 0.576635 0.013946 0.017572
8 0.243537 0.439147 0.033333 0.032216
8 0.754932 0.351611 0.024150 0.025057
8 0.740986 0.293850 0.020748 0.019525
8 0.738435 0.294826 0.025850 0.015620
8 0.736224 0.297267 0.016667 0.020501
0 0.548129 0.350635 0.117347 0.101204
8 0.252381 0.303775 0.021769 0.021803
8 0.795578 0.395705 0.016327 0.014318
8 0.253231 0.303775 0.020068 0.019199
8 0.793878 0.396843 0.020408 0.017247
8 0.755782 0.351774 0.025850 0.025382
8 0.254082 0.300521 0.023810 0.025057
8 0.287075 0.331598 0.018367 0.018223
9 0.233673 0.435568 0.023810 0.030914
8 0.771769 0.306215 0.023810 0.027335
8 0.771939 0.305727 0.026190 0.021803
8 0.768878 0.304426 0.030272 0.029613
8 0.770748 0.574520 0.014286 0.021803
