0 0.537992 0.241211 0.115354 0.088542
11 0.196260 0.580078 0.069685 0.061849
7 0.280118 0.472982 0.239764 0.176432
10 0.196260 0.580078 0.069685 0.061849
3 0.562598 0.529948 0.485039 0.112630
3 0.562008 0.495280 0.452362 0.103190
0 0.538386 0.249186 0.103543 0.107096
7 0.707480 0.436686 0.239370 0.237305
6 0.280118 0.472982 0.239764 0.176432
11 0.830315 0.561198 0.081102 0.082031
10 0.197441 0.567546 0.124016 0.058268
6 0.302362 0.432617 0.244882 0.305990
10 0.830315 0.561198 0.081102 0.082031
10 0.198425 0.585286 0.044094 0.052734
11 0.197441 0.567546 0.124016 0.058268
11 0.198425 0.585286 0.044094 0.052734
7 0.771063 0.494141 0.133465 0.127604
6 0.745866 0.487305 0.178346 0.137370
7 0.310433 0.436361 0.238189 0.258138
7 0.745866 0.487305 0.178346 0.137370
0 0.548622 0.250326 0.094882 0.102214
7 0.302362 0.432617 0.244882 0.305990
