0 0.608584 0.330080 0.112349 0.120600
8 0.436446 0.242768 0.023494 0.035901
9 0.776355 0.498257 0.023795 0.027536
0 0.610241 0.332869 0.110241 0.127571
9 0.391867 0.186476 0.032530 0.024399
8 0.776506 0.495469 0.021084 0.033113
9 0.800151 0.369815 0.021988 0.021610
9 0.897440 0.397525 0.027410 0.045661
9 0.795482 0.610840 0.043976 0.063785
9 0.272590 0.543743 0.020482 0.023702
9 0.436446 0.242768 0.023494 0.035901
8 0.271988 0.543743 0.019880 0.023702
9 0.324699 0.582956 0.018675 0.015685
0 0.615964 0.347682 0.114458 0.144650
9 0.168072 0.345242 0.018072 0.023353
3 0.599398 0.644301 0.342771 0.171140
8 0.324699 0.582956 0.018675 0.015685
9 0.373946 0.381840 0.040060 0.019868
9 0.160241 0.396828 0.020482 0.031718
9 0.250753 0.443883 0.025602 0.044963
8 0.391867 0.186476 0.032530 0.024399
9 0.162349 0.371732 0.026506 0.075636
2 0.707078 0.548275 0.067169 0.117114
