8 0.853150 0.689290 0.011811 0.012695
10 0.137008 0.720378 0.101575 0.113932
8 0.852165 0.688965 0.016929 0.010742
3 0.580709 0.639486 0.478740 0.164388
8 0.801181 0.679362 0.016535 0.013672
3 0.579921 0.658203 0.491339 0.117188
11 0.856693 0.732910 0.033858 0.037435
11 0.147441 0.728516 0.048425 0.048177
3 0.575000 0.648600 0.479921 0.114258
11 0.137008 0.720378 0.101575 0.113932
10 0.856693 0.732910 0.033858 0.037435
0 0.585827 0.342611 0.116535 0.131185
8 0.800787 0.677897 0.019685 0.015299
0 0.586024 0.325033 0.118504 0.098633
11 0.140354 0.733887 0.049213 0.045898
10 0.147441 0.728516 0.048425 0.048177
10 0.140354 0.733887 0.049213 0.045898
0 0.595276 0.324544 0.094488 0.078125
