5 0.753472 0.541560 0.324074 0.496164
5 0.750579 0.487692 0.356096 0.594309
9 0.528742 0.494725 0.166281 0.456841
11 0.695602 0.149936 0.146605 0.052430
9 0.281250 0.741049 0.306327 0.194373
6 0.206211 0.301311 0.044367 0.050192
5 0.774113 0.499840 0.231096 0.489450
9 0.326003 0.292999 0.137346 0.158248
13 0.290702 0.578485 0.090664 0.125000
9 0.203704 0.301311 0.046296 0.034207
13 0.202932 0.302270 0.050926 0.032928
9 0.750579 0.487692 0.356096 0.594309
5 0.261767 0.482257 0.298225 0.420396
13 0.296489 0.511189 0.204861 0.259591
5 0.326003 0.292999 0.137346 0.158248
13 0.314236 0.507673 0.261188 0.269821
0 0.566358 0.355818 0.131944 0.110614
5 0.257716 0.376598 0.324074 0.403453
1 0.203704 0.301311 0.046296 0.034207
13 0.203704 0.301311 0.046296 0.034207
9 0.774113 0.499840 0.231096 0.489450
