2 0.483643 0.390000 0.020996 0.020000
2 0.570312 0.708000 0.033203 0.040000
11 0.160645 0.780600 0.040039 0.079600
6 0.255615 0.352200 0.229004 0.279600
11 0.282959 0.225600 0.130371 0.056000
2 0.510986 0.385400 0.018066 0.014000
10 0.155762 0.792200 0.043945 0.042000
13 0.249756 0.495800 0.180176 0.386800
0 0.512939 0.382400 0.158691 0.167200
0 0.515137 0.363400 0.138672 0.155600
2 0.295898 0.348000 0.022461 0.019200
9 0.415039 0.310400 0.124023 0.285600
13 0.634766 0.302000 0.207031 0.172800
1 0.255615 0.352200 0.229004 0.279600
9 0.402100 0.310400 0.115723 0.262400
13 0.252930 0.610200 0.098633 0.173200
13 0.653076 0.288400 0.174316 0.181600
0 0.513672 0.366600 0.143555 0.138800
7 0.282959 0.225600 0.130371 0.056000
13 0.260986 0.377200 0.193848 0.232000
11 0.285889 0.233400 0.145996 0.069200
13 0.647217 0.316000 0.166504 0.184000
11 0.290039 0.232600 0.135742 0.082800
13 0.255615 0.352200 0.229004 0.279600
11 0.162109 0.788800 0.043945 0.041600
11 0.155762 0.792200 0.043945 0.042000
2 0.560547 0.628400 0.028320 0.028000
2 0.561035 0.629800 0.029297 0.026800
