0 0.551024 0.341115 0.100312 0.102464
9 0.412010 0.370460 0.073586 0.122244
11 0.595279 0.190337 0.088164 0.043450
13 0.347622 0.269131 0.077404 0.124514
10 0.133634 0.838197 0.068726 0.062905
10 0.135890 0.822795 0.073238 0.072309
13 0.169039 0.492704 0.049983 0.034695
8 0.412010 0.370460 0.073586 0.122244
10 0.127560 0.840467 0.051024 0.083658
11 0.135890 0.822795 0.073238 0.072309
7 0.412010 0.370460 0.073586 0.122244
11 0.127560 0.840467 0.051024 0.083658
11 0.381985 0.193742 0.085734 0.034047
11 0.133634 0.838197 0.068726 0.062905
