13 0.741020 0.495568 0.234914 0.384780
13 0.727371 0.457824 0.253592 0.391809
11 0.895474 0.840770 0.024425 0.033619
11 0.343930 0.225550 0.080101 0.027506
13 0.289511 0.366137 0.183908 0.225550
13 0.757364 0.459046 0.193606 0.404645
13 0.323994 0.392268 0.241379 0.265587
11 0.369253 0.228301 0.116379 0.018337
11 0.672234 0.234872 0.146911 0.019254
2 0.757364 0.459046 0.193606 0.404645
11 0.714619 0.235941 0.059986 0.023227
13 0.324892 0.409383 0.248922 0.283313
0 0.564476 0.415037 0.118175 0.124083
2 0.289511 0.366137 0.183908 0.225550
