10 0.076606 0.734722 0.056858 0.102778
12 0.203125 0.669444 0.261285 0.109722
9 0.058160 0.580382 0.087674 0.467708
9 0.043403 0.638715 0.072917 0.408681
13 0.260200 0.589410 0.248698 0.121181
11 0.076606 0.734722 0.056858 0.102778
9 0.051866 0.597917 0.091580 0.448611
12 0.210069 0.661979 0.282986 0.134375
12 0.222222 0.670139 0.327257 0.128472
0 0.526910 0.363889 0.114583 0.088889
13 0.228082 0.594271 0.179253 0.131597
10 0.097222 0.744097 0.095486 0.093750
10 0.215712 0.757813 0.329861 0.048264
