7 0.774089 0.445833 0.083767 0.057639
13 0.239583 0.342014 0.190972 0.142361
5 0.189887 0.601042 0.337240 0.384722
5 0.715278 0.625521 0.282118 0.382292
13 0.269097 0.364931 0.254340 0.174306
13 0.775391 0.444965 0.092448 0.055903
11 0.335286 0.124826 0.116753 0.032292
13 0.260417 0.355556 0.242187 0.171528
8 0.159071 0.330729 0.018663 0.022569
8 0.161241 0.332292 0.023003 0.018056
11 0.585069 0.125694 0.161458 0.038194
6 0.774089 0.445833 0.083767 0.057639
0 0.532986 0.311806 0.118924 0.086111
