8 0.245877 0.480035 0.020399 0.019097
8 0.574870 0.349306 0.016059 0.015278
8 0.220486 0.490451 0.236979 0.306597
0 0.490451 0.359201 0.078993 0.069097
8 0.158420 0.538194 0.046875 0.038889
8 0.725260 0.668576 0.017361 0.013542
11 0.542752 0.193576 0.116753 0.032986
8 0.679470 0.452604 0.014323 0.012153
8 0.673177 0.384722 0.018229 0.015278
8 0.693576 0.496528 0.213542 0.452778
8 0.164714 0.666667 0.023872 0.016667
8 0.673611 0.492882 0.247396 0.439236
8 0.197700 0.506250 0.253906 0.448611
11 0.290582 0.207292 0.145399 0.029167
8 0.639323 0.291667 0.019097 0.015278
8 0.617188 0.324826 0.022569 0.017014
8 0.627604 0.504340 0.017361 0.013542
