6 0.212457 0.505903 0.118490 0.063889
9 0.283854 0.604167 0.343750 0.190278
10 0.088976 0.697396 0.028646 0.050347
7 0.301649 0.352083 0.100694 0.071528
9 0.234592 0.646701 0.335503 0.195486
9 0.203993 0.641319 0.133681 0.052778
12 0.298828 0.234722 0.264323 0.123611
12 0.302300 0.238194 0.253906 0.114583
13 0.301649 0.352083 0.100694 0.071528
6 0.317925 0.354687 0.087240 0.051736
11 0.554036 0.210069 0.029948 0.029861
12 0.297092 0.236111 0.252170 0.112500
1 0.234592 0.646701 0.335503 0.195486
11 0.088976 0.697396 0.028646 0.050347
