8 0.749535 0.242058 0.043511 0.027465
9 0.749535 0.242058 0.043511 0.027465
2 0.772406 0.294341 0.064708 0.126737
8 0.783191 0.344308 0.035701 0.030113
8 0.771662 0.301621 0.083302 0.130708
9 0.783191 0.344308 0.035701 0.030113
13 0.771662 0.301621 0.083302 0.130708
8 0.775009 0.283256 0.049833 0.033752
13 0.367237 0.224520 0.020454 0.100927
11 0.674042 0.212111 0.199702 0.076109
0 0.587765 0.332065 0.108962 0.134679
13 0.364820 0.226340 0.038676 0.095301
9 0.775009 0.283256 0.049833 0.033752
0 0.589624 0.349768 0.114169 0.147584
13 0.679807 0.225844 0.090740 0.091661
0 0.581443 0.345301 0.138713 0.130708
13 0.366493 0.270020 0.021197 0.184646
