11 0.137795 0.690592 0.066142 0.061523
13 0.291535 0.567871 0.073622 0.073242
9 0.294291 0.448405 0.276772 0.452799
2 0.364173 0.198730 0.017323 0.025716
11 0.190748 0.533854 0.083071 0.266927
13 0.308661 0.419271 0.113386 0.134115
2 0.294291 0.448405 0.276772 0.452799
10 0.137795 0.690592 0.066142 0.061523
0 0.609055 0.341797 0.105512 0.082682
11 0.273622 0.429036 0.276378 0.442057
13 0.332677 0.622559 0.127559 0.060221
11 0.284252 0.426107 0.292126 0.465495
10 0.132677 0.693522 0.070866 0.087565
7 0.290945 0.410482 0.358268 0.507161
13 0.284252 0.426107 0.292126 0.465495
11 0.126772 0.696289 0.046457 0.048828
11 0.132677 0.693522 0.070866 0.087565
10 0.126772 0.696289 0.046457 0.048828
2 0.190748 0.533854 0.083071 0.266927
