8 0.224392 0.447049 0.013021 0.011458
8 0.577257 0.668750 0.012153 0.013194
0 0.529297 0.351736 0.085503 0.126389
8 0.465061 0.460417 0.013455 0.011806
8 0.621094 0.533854 0.012153 0.007986
8 0.230686 0.488021 0.214844 0.271875
3 0.519314 0.596007 0.376302 0.093403
8 0.571832 0.472049 0.011719 0.011458
8 0.333984 0.472049 0.012587 0.007986
8 0.279731 0.613889 0.009983 0.007639
8 0.716363 0.229861 0.011719 0.009722
8 0.145399 0.481597 0.012153 0.011111
3 0.509332 0.578299 0.390191 0.082986
8 0.737413 0.227083 0.011285 0.008333
8 0.267144 0.495833 0.013455 0.009722
0 0.512804 0.344618 0.127170 0.111458
8 0.507161 0.512500 0.013455 0.010417
8 0.238715 0.528819 0.013021 0.009028
0 0.458767 0.363194 0.211806 0.145833
8 0.758030 0.248437 0.012587 0.007292
8 0.578776 0.595486 0.012587 0.013889
8 0.263889 0.390451 0.011285 0.008681
8 0.217231 0.594444 0.011719 0.009722
8 0.136719 0.611458 0.010417 0.009028
