0 0.455729 0.284028 0.138021 0.079167
11 0.217882 0.174653 0.190972 0.081944
13 0.783203 0.471528 0.036892 0.018056
13 0.749566 0.429514 0.078993 0.022917
11 0.072049 0.540451 0.044271 0.121875
3 0.530165 0.505729 0.462240 0.123264
3 0.541884 0.508160 0.483073 0.093403
0 0.473741 0.314931 0.174913 0.140278
13 0.151910 0.523264 0.113715 0.038889
0 0.471788 0.307813 0.181424 0.123264
13 0.754557 0.426736 0.083767 0.020833
3 0.524740 0.509201 0.440972 0.072569
13 0.172743 0.517361 0.147569 0.040972
