11 0.284993 0.405924 0.112956 0.067708
4 0.323568 0.527669 0.216797 0.189453
13 0.296387 0.396647 0.111003 0.064128
3 0.541341 0.554850 0.334635 0.127930
3 0.549479 0.536458 0.315755 0.129557
0 0.547038 0.297363 0.122070 0.118164
10 0.241374 0.542318 0.051107 0.117188
0 0.551432 0.303060 0.111979 0.125651
11 0.241374 0.542318 0.051107 0.117188
11 0.428548 0.140137 0.043945 0.023763
7 0.309733 0.507812 0.191732 0.094401
13 0.337891 0.450684 0.111328 0.092773
7 0.323568 0.527669 0.216797 0.189453
0 0.554199 0.327637 0.105143 0.177409
7 0.338216 0.488607 0.137370 0.072266
