11 0.622180 0.230867 0.106767 0.054621
7 0.328759 0.224198 0.304887 0.110511
8 0.804699 0.345030 0.018421 0.025722
11 0.328759 0.224198 0.304887 0.110511
13 0.333835 0.728326 0.084211 0.138139
8 0.293421 0.761512 0.142481 0.108606
13 0.299812 0.391077 0.297368 0.284217
11 0.337218 0.212766 0.223308 0.085106
13 0.814474 0.514767 0.165789 0.248968
8 0.817481 0.537790 0.147744 0.200381
11 0.324060 0.244681 0.291729 0.103842
13 0.817481 0.537790 0.147744 0.200381
0 0.567481 0.373293 0.123684 0.110829
8 0.784211 0.532868 0.224060 0.218482
13 0.284211 0.347888 0.196241 0.148936
13 0.308459 0.360114 0.213158 0.200699
