7 0.369954 0.291178 0.219727 0.333659
11 0.643392 0.163249 0.129883 0.053711
7 0.351400 0.301921 0.159831 0.209961
11 0.756673 0.718424 0.045247 0.050130
12 0.399577 0.159831 0.117513 0.098958
10 0.361491 0.528971 0.225586 0.276693
13 0.355306 0.219401 0.133138 0.146484
5 0.692220 0.445150 0.162435 0.508138
13 0.706055 0.334635 0.089844 0.200521
4 0.369954 0.291178 0.219727 0.333659
9 0.369303 0.362630 0.134440 0.053385
11 0.648438 0.164388 0.113932 0.042318
12 0.399414 0.167155 0.115234 0.084961
7 0.384766 0.265137 0.222005 0.271159
10 0.326009 0.547038 0.195638 0.175456
11 0.278809 0.344401 0.053711 0.158203
10 0.756673 0.718424 0.045247 0.050130
10 0.370117 0.422038 0.220703 0.484049
12 0.369303 0.362630 0.134440 0.053385
