10 0.258149 0.556865 0.355332 0.224912
7 0.776660 0.515451 0.246278 0.258044
13 0.763380 0.453966 0.215694 0.366996
10 0.260161 0.441064 0.321529 0.493469
7 0.766398 0.442816 0.295775 0.477859
4 0.249899 0.539344 0.307445 0.239567
7 0.268813 0.323351 0.280885 0.286716
13 0.268813 0.323351 0.280885 0.286716
7 0.763380 0.453966 0.215694 0.366996
7 0.256942 0.382924 0.229779 0.275247
10 0.249899 0.539344 0.307445 0.239567
6 0.766398 0.442816 0.295775 0.477859
7 0.289537 0.332271 0.290141 0.287353
4 0.214487 0.356642 0.132797 0.213125
6 0.763380 0.453966 0.215694 0.366996
4 0.268813 0.323351 0.280885 0.286716
