7 0.315104 0.381185 0.082682 0.042969
2 0.580241 0.307617 0.026367 0.042969
13 0.781250 0.613281 0.023438 0.017578
11 0.410807 0.152507 0.069661 0.034180
0 0.569824 0.293132 0.084961 0.103190
3 0.595540 0.578288 0.307617 0.090820
11 0.402018 0.159017 0.083333 0.030924
3 0.595215 0.576660 0.319336 0.109701
11 0.412435 0.156738 0.072266 0.028320
7 0.327799 0.381999 0.074219 0.054362
0 0.577962 0.286621 0.071289 0.082357
13 0.667643 0.262695 0.026693 0.042318
3 0.597493 0.551921 0.303060 0.112956
11 0.796224 0.647298 0.033203 0.069336
8 0.767090 0.566406 0.023112 0.033854
0 0.570312 0.300944 0.087240 0.116862
