10 0.913330 0.697800 0.061035 0.063600
11 0.065186 0.647600 0.051270 0.069600
6 0.345459 0.532200 0.194824 0.147600
0 0.582520 0.352600 0.115234 0.100400
10 0.065186 0.647600 0.051270 0.069600
11 0.064697 0.658000 0.048340 0.052800
3 0.627686 0.613800 0.472168 0.164400
10 0.064697 0.658000 0.048340 0.052800
13 0.320557 0.553200 0.075684 0.076000
11 0.908203 0.711000 0.088867 0.098800
11 0.913330 0.697800 0.061035 0.063600
10 0.908203 0.711000 0.088867 0.098800
0 0.591797 0.353600 0.100586 0.087200
13 0.312988 0.560800 0.063477 0.064000
