8 0.167192 0.437347 0.168417 0.183517
8 0.843662 0.762408 0.174720 0.133272
8 0.361870 0.335172 0.137605 0.159314
10 0.165091 0.694087 0.188025 0.217831
0 0.557773 0.290441 0.077731 0.072917
8 0.877801 0.644455 0.093838 0.064032
7 0.336310 0.305453 0.208333 0.222426
8 0.336310 0.305453 0.208333 0.222426
11 0.895308 0.837776 0.037115 0.064645
8 0.174545 0.436887 0.172619 0.234681
7 0.696954 0.583640 0.059174 0.075980
8 0.296043 0.513940 0.057073 0.051164
8 0.235119 0.562653 0.086485 0.039522
7 0.210959 0.638327 0.113095 0.070772
7 0.879902 0.641238 0.077731 0.059436
7 0.742647 0.674173 0.172969 0.095895
7 0.844713 0.757659 0.166317 0.090074
8 0.696954 0.583640 0.059174 0.075980
8 0.882353 0.642770 0.085434 0.071078
8 0.865721 0.753830 0.101891 0.098346
7 0.777136 0.687194 0.111695 0.074755
10 0.170343 0.715227 0.203431 0.149816
7 0.166667 0.456648 0.142157 0.190257
10 0.173319 0.733303 0.192577 0.198836
8 0.233368 0.557138 0.075280 0.058517
8 0.777136 0.687194 0.111695 0.074755
8 0.879902 0.641238 0.077731 0.059436
8 0.355392 0.721048 0.105042 0.089767
7 0.201506 0.632506 0.163515 0.095895
7 0.235119 0.562653 0.086485 0.039522
8 0.234769 0.558211 0.093487 0.069240
10 0.895308 0.837776 0.037115 0.064645
8 0.161239 0.471048 0.037465 0.033395
8 0.209034 0.642923 0.120448 0.098346
7 0.228817 0.670343 0.222339 0.148284
7 0.361870 0.335172 0.137605 0.159314
8 0.201506 0.632506 0.163515 0.095895
7 0.167192 0.437347 0.168417 0.183517
8 0.166667 0.456648 0.142157 0.190257
8 0.210959 0.638327 0.113095 0.070772
7 0.843662 0.762408 0.174720 0.133272
7 0.234769 0.558211 0.093487 0.069240
8 0.332983 0.306526 0.197479 0.228860
8 0.735994 0.668199 0.090336 0.086397
8 0.793417 0.691023 0.087535 0.075061
8 0.742647 0.674173 0.172969 0.095895
