6 0.351400 0.434896 0.224935 0.338542
4 0.226888 0.616211 0.070964 0.083984
10 0.214030 0.632487 0.084310 0.151693
6 0.343750 0.439128 0.180990 0.320312
13 0.729655 0.390299 0.208659 0.177734
6 0.723633 0.431478 0.211589 0.277669
6 0.727051 0.401693 0.163086 0.173177
6 0.325684 0.493652 0.227539 0.196940
7 0.217122 0.621257 0.052734 0.073893
13 0.325684 0.493652 0.227539 0.196940
6 0.729655 0.390299 0.208659 0.177734
11 0.199056 0.667806 0.051758 0.093424
10 0.199056 0.667806 0.051758 0.093424
13 0.383952 0.301432 0.070638 0.076172
11 0.214030 0.632487 0.084310 0.151693
