2 0.292535 0.280035 0.209201 0.148958
4 0.759115 0.565799 0.267361 0.209375
4 0.753472 0.567361 0.259549 0.222222
4 0.114366 0.520833 0.046441 0.048611
2 0.274306 0.260764 0.233507 0.154167
8 0.771701 0.560937 0.231771 0.203819
13 0.274306 0.260764 0.233507 0.154167
13 0.272786 0.269444 0.181858 0.167361
13 0.292535 0.280035 0.209201 0.148958
8 0.379123 0.409201 0.110677 0.107986
0 0.563368 0.338021 0.133681 0.128125
9 0.372179 0.404340 0.066406 0.108681
0 0.574002 0.331250 0.127170 0.109028
0 0.587023 0.342882 0.121094 0.141319
12 0.710503 0.197917 0.199653 0.075694
4 0.771701 0.560937 0.231771 0.203819
