11 0.748047 0.907000 0.033203 0.049200
13 0.674805 0.580000 0.249023 0.545600
5 0.694824 0.629600 0.229492 0.445600
13 0.203369 0.536800 0.121582 0.068000
13 0.694824 0.572600 0.222656 0.519600
11 0.617188 0.224000 0.163086 0.059200
13 0.210449 0.468400 0.150391 0.189600
5 0.210449 0.468400 0.150391 0.189600
6 0.694824 0.629600 0.229492 0.445600
10 0.079834 0.847200 0.034668 0.045600
6 0.694824 0.572600 0.222656 0.519600
5 0.203369 0.536800 0.121582 0.068000
5 0.694824 0.572600 0.222656 0.519600
5 0.250732 0.592400 0.228027 0.212000
10 0.748047 0.907000 0.033203 0.049200
5 0.674805 0.580000 0.249023 0.545600
9 0.674805 0.580000 0.249023 0.545600
0 0.547852 0.376600 0.102539 0.078800
11 0.079834 0.847200 0.034668 0.045600
