11 0.097551 0.679537 0.041074 0.128055
11 0.699645 0.189312 0.159163 0.068426
11 0.099329 0.779081 0.073065 0.102313
11 0.346367 0.196807 0.209321 0.069730
13 0.218009 0.466927 0.234597 0.170088
13 0.227686 0.437765 0.205766 0.155425
11 0.092220 0.725318 0.046209 0.201369
13 0.229068 0.466764 0.200632 0.155425
10 0.099329 0.779081 0.073065 0.102313
10 0.092022 0.844249 0.124803 0.130987
0 0.559439 0.420007 0.210506 0.233301
11 0.693720 0.179211 0.205766 0.084066
9 0.443128 0.304659 0.147709 0.293255
0 0.590047 0.378462 0.136651 0.138482
11 0.091232 0.683122 0.044234 0.182144
13 0.140798 0.723200 0.052528 0.165852
11 0.320103 0.199902 0.159163 0.086999
0 0.503357 0.451124 0.306082 0.257739
7 0.222156 0.669762 0.292654 0.230368
13 0.144747 0.704627 0.062796 0.144998
7 0.201422 0.617465 0.179305 0.169436
