13 0.655899 0.393939 0.082397 0.262311
13 0.336142 0.366241 0.174157 0.304451
6 0.774110 0.495265 0.085674 0.124053
6 0.771536 0.365530 0.077715 0.060606
13 0.699672 0.352036 0.217697 0.195549
11 0.694288 0.280540 0.298689 0.187027
13 0.282069 0.277225 0.188670 0.154830
11 0.300094 0.221828 0.222846 0.141572
11 0.657772 0.228930 0.218165 0.121686
11 0.272472 0.219223 0.169476 0.128788
13 0.708333 0.372869 0.180712 0.232481
1 0.673689 0.240767 0.277154 0.165246
13 0.762172 0.390862 0.078652 0.036458
13 0.291199 0.272017 0.174157 0.175663
11 0.300094 0.209991 0.205993 0.128314
