9 0.687205 0.237305 0.020866 0.018229
11 0.651181 0.191406 0.116535 0.020833
11 0.227165 0.248047 0.079528 0.065104
11 0.125787 0.750814 0.057087 0.068034
13 0.741339 0.263184 0.049606 0.055664
10 0.125787 0.750814 0.057087 0.068034
0 0.559449 0.352214 0.116535 0.115234
2 0.263386 0.286947 0.113386 0.096680
10 0.122441 0.742839 0.070866 0.052734
13 0.263386 0.286947 0.113386 0.096680
11 0.356890 0.188802 0.121654 0.019531
11 0.119685 0.744954 0.045669 0.088216
0 0.553543 0.349772 0.124409 0.115560
8 0.685039 0.237305 0.021260 0.017578
13 0.300787 0.263021 0.213386 0.145833
13 0.687205 0.237305 0.020866 0.018229
11 0.122441 0.742839 0.070866 0.052734
10 0.119685 0.744954 0.045669 0.088216
8 0.307677 0.327799 0.022441 0.017578
11 0.374213 0.183594 0.166535 0.030599
2 0.683268 0.236328 0.016929 0.015625
