7 0.319525 0.658549 0.209646 0.212392
11 0.678919 0.160537 0.231427 0.086481
11 0.389537 0.157886 0.154415 0.046720
5 0.256320 0.423459 0.219370 0.267727
5 0.268378 0.417164 0.247375 0.198807
11 0.346752 0.164844 0.235317 0.073890
11 0.685920 0.165838 0.120965 0.063950
9 0.752431 0.808317 0.221315 0.141484
11 0.380786 0.166998 0.133800 0.077535
11 0.884286 0.857356 0.061066 0.058648
9 0.749903 0.821074 0.217814 0.095427
9 0.772073 0.801856 0.206923 0.129887
7 0.329638 0.646455 0.201089 0.213386
0 0.592765 0.339960 0.116686 0.121935
0 0.602489 0.333002 0.101906 0.100729
10 0.884286 0.857356 0.061066 0.058648
5 0.274212 0.422631 0.260599 0.197150
