2 0.147267 0.446573 0.029352 0.020161
8 0.273532 0.397177 0.058198 0.044355
9 0.892460 0.294607 0.111842 0.222278
9 0.144990 0.390121 0.088563 0.148185
2 0.168016 0.346774 0.049595 0.074597
9 0.889676 0.319304 0.115385 0.170867
3 0.607034 0.619708 0.445850 0.117440
8 0.277075 0.397933 0.056174 0.045867
9 0.152328 0.380544 0.094130 0.157258
3 0.609565 0.593498 0.461032 0.085181
0 0.563259 0.323841 0.118421 0.090222
11 0.784666 0.238659 0.031883 0.047883
8 0.278087 0.397681 0.046053 0.043347
0 0.568320 0.318548 0.111336 0.097782
3 0.608553 0.561240 0.433704 0.153730
2 0.889423 0.306704 0.102733 0.189012
0 0.576417 0.341230 0.130567 0.128024
