11 0.337726 0.132629 0.143588 0.039906
8 0.118411 0.715962 0.038552 0.024061
11 0.717152 0.142019 0.131393 0.048709
9 0.758655 0.503228 0.354445 0.792254
5 0.185681 0.567195 0.181747 0.154930
11 0.342250 0.120305 0.156570 0.055164
9 0.258458 0.486062 0.372148 0.802523
5 0.820220 0.567048 0.130606 0.118838
11 0.710661 0.144366 0.080645 0.050469
8 0.118214 0.717430 0.035799 0.029343
8 0.119001 0.716696 0.036585 0.027876
11 0.702793 0.131162 0.115264 0.037559
9 0.482101 0.470217 0.217545 0.539026
11 0.351888 0.122946 0.173485 0.029930
9 0.494689 0.503374 0.230134 0.518486
