11 0.264540 0.297396 0.194878 0.128125
7 0.340278 0.320486 0.201389 0.127083
4 0.663194 0.386111 0.332465 0.285417
7 0.224609 0.506250 0.159288 0.095139
7 0.235894 0.494618 0.150608 0.121181
6 0.725694 0.607986 0.262153 0.373611
7 0.286241 0.718056 0.125434 0.070139
8 0.281901 0.717708 0.129774 0.061111
8 0.660156 0.390625 0.301215 0.275694
4 0.671224 0.407118 0.314670 0.250347
5 0.725477 0.651042 0.254774 0.261111
7 0.663194 0.386111 0.332465 0.285417
11 0.276693 0.284201 0.206163 0.101736
6 0.729601 0.676736 0.251736 0.243056
7 0.287977 0.717188 0.161892 0.069097
4 0.660156 0.390625 0.301215 0.275694
7 0.273003 0.323090 0.145833 0.099653
7 0.671224 0.407118 0.314670 0.250347
7 0.231988 0.497222 0.148003 0.114583
