0 0.564236 0.326389 0.067708 0.057639
13 0.820964 0.639931 0.052517 0.022917
13 0.139323 0.475000 0.073785 0.009028
13 0.248698 0.571181 0.169271 0.109722
9 0.384983 0.367188 0.073785 0.301042
9 0.127604 0.454340 0.109375 0.048958
11 0.065755 0.722569 0.056858 0.078472
7 0.233724 0.568229 0.184462 0.122569
13 0.233724 0.568229 0.184462 0.122569
10 0.065755 0.722569 0.056858 0.078472
11 0.866970 0.714236 0.064670 0.091667
9 0.196181 0.297396 0.166667 0.163542
11 0.057292 0.721701 0.046007 0.044792
10 0.866970 0.714236 0.064670 0.091667
13 0.138889 0.448264 0.056424 0.013194
11 0.061632 0.724479 0.029514 0.033681
10 0.061632 0.724479 0.029514 0.033681
0 0.537326 0.339236 0.111111 0.091667
10 0.057292 0.721701 0.046007 0.044792
13 0.245660 0.576042 0.213542 0.120833
