7 0.386220 0.456543 0.104724 0.204753
11 0.127953 0.762533 0.039370 0.049154
8 0.291535 0.297038 0.094094 0.085612
6 0.287402 0.297201 0.102362 0.085938
11 0.844094 0.824544 0.045669 0.050130
10 0.127953 0.747559 0.053543 0.044596
7 0.287402 0.297201 0.102362 0.085938
7 0.243701 0.599121 0.026772 0.034831
11 0.127953 0.747559 0.053543 0.044596
11 0.851378 0.831380 0.030315 0.031901
10 0.844094 0.824544 0.045669 0.050130
9 0.386220 0.456543 0.104724 0.204753
8 0.287598 0.295410 0.103543 0.083008
