11 0.367605 0.124023 0.120100 0.033203
13 0.277798 0.340495 0.063792 0.043620
11 0.789914 0.839681 0.026016 0.063477
11 0.187455 0.790039 0.041340 0.083984
11 0.193692 0.792643 0.058090 0.080729
5 0.663222 0.335938 0.207413 0.407552
6 0.679437 0.287598 0.180684 0.323893
10 0.193692 0.792643 0.058090 0.080729
10 0.789914 0.839681 0.026016 0.063477
5 0.659123 0.321452 0.192088 0.438477
13 0.679437 0.287598 0.180684 0.323893
13 0.330185 0.377441 0.213471 0.101237
11 0.367605 0.128581 0.121525 0.029948
10 0.187455 0.790039 0.041340 0.083984
11 0.610656 0.126139 0.057377 0.025065
