11 0.640625 0.193403 0.159722 0.040278
10 0.088108 0.789931 0.048611 0.077083
10 0.089193 0.809722 0.067274 0.038194
11 0.627821 0.203646 0.174913 0.063542
11 0.807509 0.808854 0.072483 0.070486
13 0.645833 0.699132 0.104167 0.144792
12 0.296007 0.230729 0.296875 0.154514
8 0.669922 0.505382 0.018663 0.014931
10 0.821832 0.802257 0.048177 0.049653
0 0.533637 0.392882 0.129774 0.145486
13 0.245660 0.408854 0.250868 0.169097
13 0.750217 0.563889 0.161024 0.056250
11 0.088108 0.789931 0.048611 0.077083
13 0.731554 0.558507 0.153212 0.078819
13 0.657335 0.334549 0.145399 0.244792
11 0.648438 0.191146 0.213542 0.028819
11 0.085720 0.801215 0.042101 0.051042
13 0.679470 0.384375 0.109809 0.129167
10 0.804905 0.815799 0.061198 0.047569
13 0.213108 0.402431 0.191840 0.120139
13 0.681641 0.658854 0.103733 0.085764
10 0.807509 0.808854 0.072483 0.070486
10 0.085720 0.801215 0.042101 0.051042
0 0.532552 0.370660 0.122396 0.109375
11 0.821832 0.802257 0.048177 0.049653
13 0.697917 0.387326 0.118056 0.090625
13 0.229167 0.395486 0.217014 0.227778
