13 0.235460 0.131250 0.093316 0.140278
0 0.437500 0.206076 0.093750 0.095486
10 0.670573 0.421181 0.082465 0.153472
10 0.601128 0.446528 0.236979 0.250694
7 0.599609 0.392188 0.187934 0.037847
2 0.449219 0.211806 0.062500 0.021528
0 0.439019 0.192014 0.096788 0.073611
7 0.598090 0.379514 0.184896 0.077083
11 0.496311 0.075694 0.122830 0.022222
3 0.424696 0.472049 0.412760 0.142014
7 0.157335 0.442188 0.149740 0.146875
0 0.430339 0.191667 0.112413 0.067361
7 0.501085 0.293403 0.194010 0.119444
10 0.541667 0.414583 0.339410 0.187500
11 0.252821 0.061285 0.075955 0.025347
