9 0.870443 0.460938 0.065538 0.469097
13 0.152561 0.501736 0.069878 0.029167
11 0.731337 0.230035 0.109375 0.086458
12 0.640191 0.207292 0.191840 0.055556
12 0.838542 0.763021 0.052951 0.060764
8 0.675130 0.369444 0.178385 0.129167
9 0.873698 0.450174 0.196181 0.539931
13 0.254557 0.389062 0.071615 0.030903
13 0.166450 0.504340 0.072483 0.030208
8 0.671007 0.361285 0.153646 0.114931
13 0.166450 0.501563 0.065538 0.017708
9 0.714410 0.092708 0.268229 0.179167
8 0.672960 0.364410 0.189670 0.123958
9 0.788411 0.358854 0.417969 0.715625
11 0.838542 0.763021 0.052951 0.060764
