9 0.239502 0.655400 0.350098 0.183600
4 0.272217 0.419000 0.186035 0.192400
3 0.535645 0.580400 0.417969 0.246400
0 0.503906 0.287600 0.088867 0.103200
3 0.540039 0.581400 0.424805 0.262800
8 0.286377 0.402000 0.161621 0.150400
13 0.240479 0.468800 0.180176 0.055200
9 0.206055 0.619600 0.320312 0.148000
13 0.213623 0.458600 0.158691 0.071600
8 0.282227 0.391600 0.139648 0.119200
0 0.501709 0.296800 0.112793 0.120000
7 0.282227 0.391600 0.139648 0.119200
8 0.272217 0.419000 0.186035 0.192400
1 0.282227 0.391600 0.139648 0.119200
