13 0.276916 0.426106 0.076625 0.041220
11 0.682024 0.108412 0.090204 0.043231
13 0.796314 0.428117 0.034271 0.037198
13 0.274329 0.428284 0.060459 0.042895
11 0.377789 0.138405 0.092144 0.024129
13 0.311833 0.486428 0.017135 0.013740
11 0.824927 0.260891 0.028128 0.055965
13 0.744100 0.242125 0.096023 0.127681
13 0.304074 0.439176 0.166505 0.111595
13 0.757032 0.302614 0.159392 0.272788
11 0.694633 0.115114 0.078565 0.037869
13 0.733915 0.311327 0.202392 0.273458
8 0.311833 0.486428 0.017135 0.013740
