5 0.212240 0.493056 0.293403 0.458333
5 0.678385 0.518229 0.169271 0.192708
0 0.523438 0.339236 0.105903 0.081250
13 0.672743 0.513368 0.177951 0.167014
13 0.207465 0.548611 0.222222 0.260417
9 0.207465 0.548611 0.222222 0.260417
3 0.512370 0.670660 0.425781 0.159375
13 0.193142 0.382812 0.130208 0.092708
0 0.520399 0.368576 0.121528 0.121875
13 0.196832 0.351562 0.142795 0.163542
5 0.676432 0.551562 0.209635 0.342708
5 0.207465 0.548611 0.222222 0.260417
9 0.678385 0.518229 0.169271 0.192708
13 0.201389 0.596007 0.258681 0.282292
0 0.522786 0.351910 0.113281 0.096181
13 0.678385 0.518229 0.169271 0.192708
13 0.196615 0.331250 0.125868 0.135417
