8 0.215207 0.581412 0.158327 0.275887
8 0.765833 0.551775 0.019547 0.017563
13 0.221462 0.554153 0.076231 0.031833
8 0.849687 0.505854 0.016810 0.034760
9 0.773456 0.526345 0.084832 0.079400
9 0.215794 0.587633 0.155590 0.287596
2 0.780493 0.525064 0.093432 0.064398
11 0.102815 0.860227 0.025020 0.049030
11 0.826818 0.939078 0.031274 0.053787
10 0.098319 0.868643 0.059812 0.087084
11 0.793393 0.793450 0.068413 0.102817
10 0.831314 0.918588 0.072322 0.096231
9 0.793002 0.794182 0.078577 0.101354
11 0.793002 0.794182 0.078577 0.101354
10 0.826818 0.939078 0.031274 0.053787
9 0.197615 0.801683 0.187256 0.119283
2 0.773456 0.526345 0.084832 0.079400
9 0.789679 0.788511 0.080532 0.111965
11 0.098319 0.868643 0.059812 0.087084
8 0.813135 0.533663 0.008600 0.012075
2 0.215794 0.587633 0.155590 0.287596
2 0.189015 0.550311 0.106724 0.276619
11 0.831314 0.918588 0.072322 0.096231
8 0.738272 0.504757 0.015246 0.014270
10 0.102815 0.860227 0.025020 0.049030
2 0.569195 0.314124 0.032056 0.053787
8 0.218335 0.340285 0.012119 0.012441
11 0.105942 0.871204 0.057076 0.065862
