10 0.109353 0.802670 0.057665 0.080808
10 0.815049 0.854798 0.052743 0.079004
5 0.353903 0.313853 0.186006 0.326840
10 0.818917 0.868687 0.044304 0.051948
10 0.120781 0.823413 0.070675 0.089105
0 0.584916 0.320887 0.114979 0.107864
11 0.117616 0.807179 0.061533 0.055195
13 0.405942 0.172439 0.139592 0.085859
9 0.462377 0.510281 0.194796 0.506854
11 0.815049 0.854798 0.052743 0.079004
9 0.494726 0.437590 0.237693 0.603175
10 0.810654 0.870130 0.066456 0.072150
11 0.120781 0.823413 0.070675 0.089105
10 0.117616 0.807179 0.061533 0.055195
11 0.818917 0.868687 0.044304 0.051948
11 0.109353 0.802670 0.057665 0.080808
11 0.810654 0.870130 0.066456 0.072150
