5 0.223425 0.368001 0.204331 0.133789
1 0.176969 0.390625 0.147638 0.117188
6 0.243898 0.442708 0.323228 0.370443
4 0.238583 0.464030 0.283465 0.291341
4 0.223425 0.368001 0.204331 0.133789
6 0.764567 0.384766 0.245669 0.485026
7 0.755315 0.384115 0.235827 0.488281
4 0.743701 0.233236 0.162992 0.194336
13 0.247835 0.469564 0.302756 0.377930
4 0.801181 0.465169 0.154331 0.119141
4 0.176969 0.390625 0.147638 0.117188
3 0.563583 0.556966 0.447638 0.152344
8 0.176969 0.390625 0.147638 0.117188
4 0.755315 0.384115 0.235827 0.488281
3 0.568307 0.567383 0.442126 0.162760
13 0.759252 0.433105 0.255512 0.404622
7 0.238583 0.464030 0.283465 0.291341
