5 0.204287 0.432218 0.211724 0.217430
1 0.201662 0.615757 0.144357 0.127641
10 0.170822 0.610915 0.227909 0.117077
10 0.126203 0.689701 0.168416 0.134683
10 0.215223 0.637984 0.420822 0.457306
2 0.916448 0.237456 0.046369 0.075264
2 0.502406 0.369498 0.063430 0.055898
5 0.689851 0.480414 0.177603 0.279489
8 0.215223 0.637984 0.420822 0.457306
10 0.695101 0.720070 0.214348 0.155810
10 0.637795 0.686400 0.376203 0.379842
10 0.722441 0.742738 0.152668 0.088468
0 0.493657 0.408671 0.156168 0.236356
