0 0.558112 0.350667 0.158346 0.170000
13 0.689353 0.314667 0.078393 0.069333
13 0.727379 0.287667 0.186427 0.108000
9 0.435257 0.303333 0.159126 0.342667
6 0.271646 0.351500 0.241420 0.271000
6 0.265991 0.369000 0.163807 0.345333
11 0.326443 0.184500 0.166147 0.039000
7 0.267746 0.620833 0.122075 0.100333
0 0.547387 0.355833 0.142356 0.165000
4 0.306357 0.608000 0.069813 0.081333
13 0.738105 0.324833 0.179797 0.109000
13 0.274961 0.591333 0.184087 0.238667
0 0.544657 0.352833 0.169657 0.159000
7 0.274961 0.591333 0.184087 0.238667
11 0.361739 0.176833 0.193058 0.073000
1 0.271646 0.351500 0.241420 0.271000
13 0.265991 0.369000 0.163807 0.345333
13 0.791927 0.300000 0.099454 0.082667
13 0.271646 0.351500 0.241420 0.271000
13 0.286271 0.332333 0.245710 0.262667
