0 0.608133 0.259536 0.098795 0.107688
0 0.597590 0.252788 0.109036 0.105340
7 0.348193 0.478580 0.213855 0.076878
11 0.707530 0.074531 0.066265 0.026995
0 0.601807 0.243545 0.083133 0.080399
9 0.370030 0.471244 0.188855 0.036385
13 0.394880 0.314114 0.039157 0.019073
10 0.249247 0.490610 0.032831 0.086854
3 0.620030 0.490170 0.341265 0.095364
11 0.249247 0.490610 0.032831 0.086854
7 0.370030 0.471244 0.188855 0.036385
10 0.265060 0.459947 0.061446 0.101232
11 0.265060 0.459947 0.061446 0.101232
