3 0.552734 0.394694 0.307943 0.069987
7 0.352376 0.355306 0.181315 0.150065
7 0.754069 0.408529 0.149414 0.133464
9 0.288411 0.311523 0.096354 0.125651
13 0.341309 0.243652 0.064128 0.059570
10 0.355143 0.486816 0.259115 0.150065
4 0.770833 0.400716 0.089844 0.091146
9 0.286621 0.322428 0.088216 0.108398
10 0.754069 0.408529 0.149414 0.133464
7 0.770833 0.400716 0.089844 0.091146
3 0.564779 0.400716 0.309245 0.077474
0 0.593262 0.256022 0.109049 0.096029
10 0.736654 0.446615 0.184245 0.200521
10 0.814290 0.460938 0.067383 0.093750
7 0.725586 0.328451 0.144531 0.147786
0 0.596029 0.269206 0.099609 0.110677
11 0.814290 0.460938 0.067383 0.093750
0 0.597493 0.253418 0.109701 0.101888
