3 0.577841 0.688649 0.411802 0.222575
11 0.162116 0.702600 0.050534 0.090679
0 0.584275 0.388237 0.118330 0.122701
6 0.736660 0.559448 0.180791 0.139822
7 0.335217 0.481928 0.275581 0.512365
4 0.324859 0.479233 0.262398 0.528535
3 0.587571 0.684686 0.392969 0.234940
11 0.382611 0.222099 0.105461 0.038364
4 0.305242 0.471148 0.267106 0.443881
4 0.335217 0.481928 0.275581 0.512365
11 0.155367 0.744134 0.057753 0.171211
7 0.324859 0.479233 0.262398 0.528535
7 0.305242 0.471148 0.267106 0.443881
7 0.736660 0.559448 0.180791 0.139822
10 0.276836 0.734147 0.311362 0.133481
10 0.162116 0.702600 0.050534 0.090679
10 0.155367 0.744134 0.057753 0.171211
