11 0.268066 0.288574 0.067383 0.348633
5 0.335937 0.339844 0.207682 0.439453
11 0.753418 0.691406 0.030273 0.064453
11 0.754395 0.701660 0.047201 0.062174
13 0.653483 0.334147 0.198242 0.395508
10 0.763997 0.684570 0.038411 0.061198
13 0.335937 0.339844 0.207682 0.439453
11 0.624349 0.100749 0.144531 0.084961
10 0.254069 0.686198 0.050456 0.070312
10 0.262533 0.683919 0.040039 0.051432
6 0.347168 0.347982 0.215820 0.494792
5 0.653483 0.334147 0.198242 0.395508
6 0.656250 0.372396 0.199870 0.526042
6 0.508301 0.351725 0.534180 0.629883
11 0.392741 0.082682 0.140951 0.055990
11 0.254069 0.686198 0.050456 0.070312
11 0.253906 0.689290 0.034505 0.062174
11 0.763997 0.684570 0.038411 0.061198
11 0.613444 0.072428 0.144206 0.078451
1 0.653483 0.334147 0.198242 0.395508
11 0.720703 0.207845 0.095052 0.159180
10 0.754395 0.701660 0.047201 0.062174
9 0.335937 0.339844 0.207682 0.439453
9 0.653483 0.334147 0.198242 0.395508
13 0.344401 0.373210 0.194661 0.133789
11 0.262533 0.683919 0.040039 0.051432
