8 0.212936 0.697374 0.160575 0.151111
8 0.398563 0.609495 0.107187 0.119192
10 0.209240 0.682626 0.158932 0.151515
7 0.256263 0.503232 0.041889 0.034343
7 0.386037 0.614343 0.110883 0.121616
8 0.386037 0.614343 0.110883 0.121616
8 0.202669 0.290303 0.019302 0.021414
8 0.337166 0.316970 0.067351 0.062626
7 0.199589 0.691919 0.159343 0.156364
0 0.573101 0.346667 0.099795 0.138990
7 0.209240 0.682626 0.158932 0.151515
8 0.335524 0.324444 0.068994 0.074343
8 0.335729 0.316768 0.080082 0.062222
8 0.397331 0.614141 0.094867 0.117172
8 0.256263 0.503232 0.041889 0.034343
8 0.255031 0.495758 0.041889 0.046869
8 0.258316 0.499596 0.033676 0.040000
0 0.572074 0.343030 0.109240 0.130909
7 0.335729 0.316768 0.080082 0.062222
