8 0.657283 0.228841 0.035039 0.035156
9 0.771063 0.265625 0.022441 0.023438
9 0.253150 0.477865 0.024409 0.014323
9 0.924803 0.267578 0.017323 0.022786
9 0.330315 0.139486 0.030709 0.013997
9 0.254724 0.476562 0.036220 0.016927
9 0.914764 0.397786 0.043701 0.294271
9 0.657480 0.226237 0.037008 0.041016
9 0.657283 0.228841 0.035039 0.035156
9 0.331102 0.138835 0.037008 0.027669
9 0.098622 0.273112 0.016929 0.022135
9 0.652362 0.227214 0.026772 0.033203
9 0.090157 0.555176 0.051969 0.131836
9 0.091929 0.552572 0.045276 0.130534
9 0.768307 0.265788 0.023228 0.030273
9 0.901378 0.475749 0.016929 0.141602
9 0.253937 0.478678 0.026772 0.013997
11 0.226181 0.186686 0.089370 0.069987
9 0.765157 0.266439 0.021654 0.021159
9 0.099409 0.272786 0.014567 0.018229
9 0.091732 0.553548 0.040157 0.125326
