1 0.263672 0.453646 0.274740 0.346875
7 0.258898 0.464757 0.246094 0.337153
11 0.143229 0.484028 0.106771 0.418056
11 0.147352 0.544097 0.106337 0.288889
6 0.258898 0.464757 0.246094 0.337153
12 0.317274 0.256250 0.244792 0.177778
10 0.138021 0.565799 0.075521 0.252431
12 0.315538 0.214410 0.252604 0.172569
9 0.034071 0.747743 0.068142 0.260764
4 0.258898 0.464757 0.246094 0.337153
11 0.138021 0.565799 0.075521 0.252431
6 0.301215 0.492535 0.282986 0.254514
3 0.539931 0.595833 0.322917 0.272917
