13 0.250581 0.280660 0.073256 0.093977
6 0.743023 0.353048 0.262016 0.534107
11 0.296124 0.072932 0.193023 0.060232
13 0.759302 0.476415 0.315504 0.706096
13 0.743023 0.353048 0.262016 0.534107
0 0.571512 0.240022 0.119767 0.111393
7 0.602713 0.333999 0.084496 0.097605
11 0.640116 0.104136 0.239922 0.110305
11 0.651744 0.120102 0.304264 0.128447
6 0.772868 0.509253 0.358915 0.720972
6 0.848450 0.748186 0.168992 0.193759
8 0.602713 0.333999 0.084496 0.097605
6 0.759302 0.476415 0.315504 0.706096
0 0.561240 0.243106 0.110853 0.124093
6 0.246124 0.271408 0.096899 0.103048
1 0.649419 0.101597 0.363178 0.148766
4 0.743023 0.353048 0.262016 0.534107
13 0.247481 0.279028 0.106589 0.094340
