7 0.716363 0.391840 0.273872 0.332292
7 0.698568 0.583507 0.072483 0.072569
7 0.700304 0.422396 0.299913 0.404514
3 0.615451 0.708681 0.470486 0.163194
7 0.673394 0.298090 0.247830 0.139931
3 0.600477 0.734028 0.428385 0.176389
10 0.817925 0.735764 0.128038 0.134722
13 0.718099 0.361285 0.199219 0.066319
10 0.847873 0.737500 0.061198 0.115972
13 0.716363 0.391840 0.273872 0.332292
9 0.670356 0.297569 0.212240 0.155556
9 0.222222 0.799306 0.138889 0.054861
7 0.747613 0.477778 0.247830 0.246528
4 0.716363 0.391840 0.273872 0.332292
11 0.847873 0.737500 0.061198 0.115972
8 0.698568 0.583507 0.072483 0.072569
6 0.716363 0.391840 0.273872 0.332292
9 0.229818 0.843403 0.394531 0.137500
