0 0.540148 0.363368 0.108073 0.103125
4 0.297743 0.542708 0.164931 0.197222
13 0.294922 0.335590 0.167101 0.121875
0 0.537326 0.352951 0.116319 0.091319
11 0.294922 0.251215 0.226997 0.096181
7 0.310113 0.540278 0.139323 0.162500
13 0.645616 0.239583 0.093316 0.031250
13 0.294054 0.333854 0.168837 0.144792
4 0.300781 0.501563 0.142361 0.234375
13 0.761285 0.366667 0.190972 0.056944
11 0.638238 0.238194 0.128038 0.023611
8 0.310113 0.540278 0.139323 0.162500
8 0.300781 0.501563 0.142361 0.234375
0 0.539062 0.361979 0.110243 0.108681
11 0.275174 0.248437 0.178819 0.110764
13 0.300564 0.303299 0.239149 0.179514
