11 0.156512 0.787879 0.067961 0.070707
11 0.166053 0.757035 0.049548 0.091270
13 0.333278 0.283189 0.197857 0.226551
10 0.156512 0.787879 0.067961 0.070707
13 0.718279 0.379149 0.185805 0.365801
13 0.337462 0.227092 0.204888 0.173521
3 0.568631 0.718434 0.369936 0.129509
7 0.754101 0.486833 0.061265 0.082612
13 0.280214 0.230339 0.020087 0.022727
13 0.269836 0.517677 0.024774 0.054113
11 0.883495 0.855519 0.029461 0.046537
10 0.162538 0.766414 0.057918 0.097042
0 0.585537 0.289863 0.109809 0.129509
8 0.280214 0.230339 0.020087 0.022727
13 0.354704 0.237554 0.112822 0.159812
11 0.317041 0.158369 0.145296 0.063492
7 0.689320 0.306277 0.068296 0.180375
13 0.257449 0.292749 0.030131 0.029942
11 0.162538 0.766414 0.057918 0.097042
13 0.712086 0.376082 0.184801 0.333694
8 0.257449 0.292749 0.030131 0.029942
