10 0.766710 0.587674 0.199219 0.175347
8 0.144097 0.471354 0.052951 0.042014
8 0.750868 0.553125 0.075521 0.053472
8 0.680990 0.511979 0.046875 0.036458
13 0.611545 0.346701 0.128472 0.164931
6 0.626085 0.337326 0.102865 0.137847
10 0.738281 0.611979 0.273438 0.249653
10 0.758464 0.573958 0.220920 0.170833
4 0.606554 0.352083 0.133247 0.179167
9 0.611545 0.346701 0.128472 0.164931
8 0.148872 0.473611 0.057292 0.043056
8 0.606554 0.352083 0.133247 0.179167
8 0.671224 0.454861 0.037760 0.029861
13 0.716580 0.470313 0.217882 0.048264
8 0.664714 0.450868 0.038628 0.029514
8 0.758898 0.557986 0.069878 0.054861
7 0.611545 0.346701 0.128472 0.164931
8 0.278646 0.411806 0.072917 0.049306
8 0.151693 0.475347 0.049045 0.043056
13 0.771701 0.475347 0.118056 0.067361
8 0.740668 0.545660 0.049045 0.035069
8 0.669271 0.507292 0.058160 0.042361
