6 0.298870 0.242002 0.051197 0.061576
7 0.278424 0.603371 0.162566 0.052976
11 0.713431 0.689886 0.059176 0.056760
10 0.295711 0.677675 0.294215 0.200206
7 0.260472 0.357241 0.102726 0.047816
10 0.267121 0.659271 0.227061 0.243206
9 0.441656 0.288958 0.034242 0.136911
6 0.323471 0.288786 0.222739 0.169591
3 0.513464 0.672343 0.361370 0.138631
11 0.288065 0.195734 0.064827 0.040592
7 0.686336 0.354661 0.119348 0.079119
13 0.686336 0.354661 0.119348 0.079119
13 0.260472 0.357241 0.102726 0.047816
7 0.298870 0.242002 0.051197 0.061576
10 0.281250 0.658583 0.246676 0.231510
6 0.731217 0.302202 0.100066 0.082903
