8 0.687008 0.303060 0.140157 0.125000
9 0.863189 0.598307 0.038189 0.042318
10 0.185630 0.708659 0.046850 0.060547
0 0.618307 0.241211 0.135827 0.108724
11 0.897638 0.706543 0.039370 0.070638
9 0.834449 0.502604 0.055512 0.047526
10 0.897638 0.706543 0.039370 0.070638
11 0.900984 0.692383 0.028740 0.069010
9 0.921260 0.789062 0.025197 0.033854
9 0.919685 0.718913 0.020472 0.025065
0 0.613583 0.245605 0.136614 0.111654
11 0.400000 0.087565 0.205512 0.070313
13 0.369488 0.159342 0.216142 0.040039
9 0.899606 0.714518 0.018898 0.024740
8 0.673819 0.310547 0.173622 0.133464
9 0.841142 0.382324 0.064961 0.051758
7 0.687008 0.303060 0.140157 0.125000
9 0.803543 0.312826 0.042520 0.048828
9 0.804528 0.309733 0.050787 0.043945
9 0.278937 0.502930 0.027953 0.050781
8 0.707087 0.296224 0.098425 0.098958
11 0.185630 0.708659 0.046850 0.060547
11 0.701575 0.073079 0.129134 0.015951
9 0.909646 0.868327 0.032677 0.048503
