10 0.223958 0.633952 0.052734 0.077799
8 0.357585 0.281901 0.017253 0.012370
13 0.757975 0.273112 0.043294 0.044271
13 0.372884 0.224772 0.150065 0.133138
13 0.663086 0.411784 0.049479 0.032552
13 0.307617 0.413900 0.080729 0.062826
13 0.337565 0.226888 0.082682 0.128255
0 0.596680 0.318197 0.087891 0.088867
13 0.318848 0.255046 0.034180 0.058268
11 0.645508 0.148926 0.100911 0.034831
11 0.414551 0.157064 0.161784 0.060221
11 0.223958 0.633952 0.052734 0.077799
13 0.345378 0.335938 0.085286 0.068359
8 0.351237 0.232910 0.014323 0.011393
