10 0.179362 0.756673 0.029948 0.066732
13 0.788086 0.744303 0.065755 0.068685
6 0.319661 0.182129 0.128906 0.086263
11 0.373210 0.107585 0.160482 0.048503
8 0.356934 0.375977 0.149414 0.152995
7 0.329102 0.564290 0.091797 0.088216
11 0.179362 0.756673 0.029948 0.066732
8 0.366536 0.375488 0.173177 0.162435
4 0.361003 0.374186 0.143229 0.157227
8 0.361003 0.374186 0.143229 0.157227
11 0.676107 0.119792 0.106771 0.055990
7 0.796875 0.762533 0.067057 0.047201
4 0.366536 0.375488 0.173177 0.162435
7 0.356934 0.375977 0.149414 0.152995
13 0.316081 0.169434 0.108724 0.081706
7 0.319661 0.182129 0.128906 0.086263
11 0.267904 0.190430 0.075521 0.110677
