3 0.528851 0.499316 0.461103 0.127165
9 0.344152 0.482680 0.080371 0.142206
9 0.185729 0.086600 0.244719 0.173200
9 0.675425 0.058113 0.159711 0.114403
9 0.274858 0.086372 0.284905 0.168186
9 0.368882 0.560620 0.170015 0.039198
9 0.204019 0.085688 0.202988 0.169553
9 0.540958 0.562215 0.429675 0.052416
9 0.635240 0.061304 0.269964 0.104376
9 0.540443 0.568596 0.431736 0.063355
3 0.527048 0.510027 0.465739 0.134913
9 0.716126 0.620784 0.325605 0.097539
9 0.656105 0.061304 0.224111 0.108933
9 0.631376 0.365542 0.168470 0.155880
