9 0.204427 0.339062 0.370660 0.332986
9 0.652561 0.079514 0.296441 0.159028
9 0.623698 0.067361 0.211806 0.134028
7 0.340278 0.187153 0.144965 0.098611
9 0.310113 0.070312 0.175781 0.125347
9 0.175564 0.322049 0.337240 0.188542
8 0.372830 0.316667 0.080729 0.072917
0 0.530382 0.259722 0.113715 0.104861
9 0.081814 0.541146 0.163628 0.553125
9 0.291016 0.076389 0.191406 0.130556
7 0.300998 0.208333 0.075087 0.052083
9 0.751519 0.389757 0.218316 0.225347
3 0.549262 0.466840 0.383247 0.090625
9 0.503472 0.072049 0.455729 0.122569
9 0.712891 0.343576 0.230469 0.090625
9 0.115451 0.690625 0.107639 0.370833
0 0.527344 0.270833 0.111979 0.120833
8 0.718750 0.370660 0.016493 0.012153
11 0.252170 0.235937 0.205729 0.251042
9 0.117405 0.638715 0.102865 0.368403
