1 0.730972 0.343782 0.195721 0.226491
13 0.730972 0.343782 0.195721 0.226491
11 0.685374 0.220930 0.175377 0.104820
13 0.303578 0.323559 0.160996 0.115268
13 0.751841 0.369060 0.172922 0.152342
13 0.317783 0.317661 0.144511 0.111560
11 0.706770 0.231210 0.185198 0.112572
11 0.313048 0.268622 0.234655 0.198180
13 0.319011 0.283451 0.078920 0.059993
1 0.732199 0.354567 0.205191 0.265588
9 0.098737 0.147792 0.015082 0.015841
13 0.732199 0.354567 0.205191 0.265588
11 0.888636 0.852376 0.050859 0.135490
13 0.256752 0.366700 0.062434 0.045838
11 0.678183 0.222615 0.215012 0.106168
