8 0.708058 0.241071 0.043388 0.050532
8 0.878306 0.334347 0.054959 0.027356
8 0.374793 0.597644 0.220661 0.283435
8 0.876860 0.332827 0.047934 0.038754
8 0.396074 0.603533 0.251653 0.273176
7 0.879339 0.335296 0.049587 0.030015
9 0.844628 0.229293 0.084298 0.073328
8 0.879339 0.335296 0.049587 0.030015
8 0.845868 0.226064 0.068595 0.076748
8 0.710124 0.237272 0.054132 0.053571
7 0.848347 0.212196 0.067769 0.051292
7 0.374793 0.597644 0.220661 0.283435
8 0.710124 0.242591 0.060744 0.049012
8 0.370868 0.604103 0.216942 0.278875
