13 0.354819 0.468457 0.103012 0.031984
6 0.339157 0.685739 0.252410 0.242958
11 0.376355 0.280370 0.132229 0.039026
13 0.457982 0.454519 0.043072 0.122653
13 0.310392 0.685593 0.221988 0.236796
13 0.350452 0.465962 0.100904 0.042254
13 0.286898 0.660211 0.197892 0.039319
13 0.339307 0.718310 0.223193 0.021127
4 0.372440 0.720804 0.158735 0.159918
11 0.665813 0.264671 0.131627 0.034624
13 0.339157 0.685739 0.252410 0.242958
13 0.458735 0.450704 0.042169 0.113263
13 0.312500 0.468016 0.073795 0.062793
7 0.310392 0.685593 0.221988 0.236796
0 0.575904 0.463468 0.085542 0.085974
7 0.369277 0.669748 0.188554 0.282570
11 0.379367 0.278609 0.151506 0.036092
11 0.666114 0.261590 0.125000 0.028462
