6 0.357807 0.212542 0.082714 0.110269
8 0.166125 0.493476 0.029275 0.022306
13 0.844796 0.416877 0.103160 0.070286
10 0.131738 0.778830 0.187268 0.215067
6 0.839916 0.413089 0.154740 0.095539
10 0.091310 0.742845 0.123141 0.117003
13 0.838290 0.416246 0.149628 0.088384
0 0.569470 0.359217 0.111989 0.104798
7 0.352230 0.226641 0.100372 0.121633
10 0.096654 0.733796 0.109665 0.198232
13 0.839916 0.413089 0.154740 0.095539
8 0.165428 0.499158 0.030669 0.018519
7 0.357807 0.212542 0.082714 0.110269
