5 0.728353 0.523600 0.205404 0.549154
8 0.764160 0.318522 0.036784 0.036133
9 0.183268 0.305176 0.043620 0.018555
13 0.366536 0.447428 0.243490 0.478841
3 0.599447 0.664551 0.334961 0.170247
5 0.722005 0.510742 0.266927 0.626302
11 0.241862 0.703288 0.037109 0.062174
11 0.245605 0.714030 0.040039 0.077799
13 0.704427 0.513835 0.233073 0.598633
5 0.366536 0.447428 0.243490 0.478841
3 0.598796 0.655762 0.338867 0.189779
5 0.354167 0.451823 0.227214 0.503255
9 0.366536 0.447428 0.243490 0.478841
9 0.279460 0.329753 0.020508 0.046875
9 0.704427 0.513835 0.233073 0.598633
5 0.704427 0.513835 0.233073 0.598633
5 0.354492 0.438639 0.218750 0.504883
10 0.245605 0.714030 0.040039 0.077799
3 0.596680 0.680827 0.336589 0.166992
10 0.241862 0.703288 0.037109 0.062174
