10 0.085720 0.822396 0.078559 0.102431
8 0.344184 0.632292 0.169271 0.220833
11 0.898438 0.888715 0.054688 0.039931
10 0.093099 0.838021 0.073351 0.067014
3 0.551432 0.703472 0.583767 0.189583
11 0.104167 0.815278 0.101562 0.068056
4 0.236328 0.617188 0.233073 0.258681
10 0.898438 0.888715 0.054688 0.039931
11 0.906467 0.885243 0.053385 0.066319
7 0.255425 0.611979 0.224392 0.271875
9 0.684245 0.487153 0.089844 0.106944
11 0.093099 0.838021 0.073351 0.067014
10 0.906467 0.885243 0.053385 0.066319
7 0.236328 0.617188 0.233073 0.258681
10 0.104167 0.815278 0.101562 0.068056
3 0.549479 0.676215 0.575521 0.265625
11 0.085720 0.822396 0.078559 0.102431
13 0.209418 0.639757 0.161024 0.222569
