11 0.781325 0.891725 0.016867 0.025235
10 0.171235 0.815434 0.045482 0.044601
2 0.324398 0.366197 0.171084 0.285211
11 0.776657 0.876907 0.049699 0.047242
11 0.178163 0.841843 0.068373 0.080986
13 0.335843 0.373386 0.207229 0.273181
13 0.324398 0.366197 0.171084 0.285211
13 0.345331 0.350792 0.213554 0.257923
13 0.688102 0.363996 0.170783 0.313087
13 0.672139 0.407864 0.199699 0.416080
7 0.300904 0.719924 0.095181 0.065434
10 0.776657 0.876907 0.049699 0.047242
9 0.711145 0.585241 0.143373 0.164026
13 0.652560 0.740464 0.034036 0.077758
1 0.688102 0.363996 0.170783 0.313087
11 0.171235 0.815434 0.045482 0.044601
13 0.661145 0.375440 0.086747 0.304284
2 0.335843 0.373386 0.207229 0.273181
