11 0.256531 0.220144 0.253469 0.103262
13 0.791429 0.331488 0.068571 0.044597
13 0.254490 0.337623 0.224898 0.135887
8 0.672245 0.230470 0.024490 0.038312
1 0.283469 0.229422 0.291837 0.118228
11 0.277959 0.243490 0.315918 0.156540
13 0.877959 0.403771 0.022857 0.023346
13 0.233061 0.374888 0.195918 0.162526
13 0.263673 0.327297 0.242449 0.198444
7 0.256531 0.220144 0.253469 0.103262
2 0.797143 0.332086 0.058776 0.039808
8 0.233061 0.374888 0.195918 0.162526
2 0.254490 0.337623 0.224898 0.135887
13 0.237347 0.585453 0.219184 0.195750
13 0.732857 0.271775 0.176735 0.162826
8 0.237347 0.585453 0.219184 0.195750
2 0.709184 0.218198 0.097551 0.113738
2 0.732857 0.271775 0.176735 0.162826
2 0.216122 0.568243 0.127755 0.169111
8 0.730612 0.234211 0.048980 0.038013
13 0.709184 0.218198 0.097551 0.113738
11 0.718776 0.155492 0.119184 0.042203
