7 0.757038 0.527387 0.244186 0.436047
13 0.756120 0.511781 0.220318 0.404835
12 0.750000 0.270502 0.157283 0.172583
6 0.366891 0.268207 0.262546 0.261628
11 0.705783 0.196144 0.230416 0.134027
5 0.756120 0.511781 0.220318 0.404835
13 0.366432 0.287638 0.204100 0.212974
13 0.361689 0.300490 0.249082 0.222766
6 0.756120 0.511781 0.220318 0.404835
6 0.757038 0.527387 0.244186 0.436047
6 0.366432 0.287638 0.204100 0.212974
11 0.704559 0.196450 0.252448 0.154835
11 0.375000 0.159731 0.133721 0.078947
6 0.398256 0.572062 0.135557 0.156365
6 0.361689 0.300490 0.249082 0.222766
13 0.366891 0.268207 0.262546 0.261628
6 0.801714 0.560282 0.227050 0.511016
