2 0.232622 0.723665 0.043444 0.032384
0 0.571880 0.335053 0.127172 0.111388
2 0.196880 0.503025 0.022512 0.030961
8 0.197472 0.500534 0.026066 0.029537
8 0.119668 0.693416 0.058452 0.025979
0 0.576817 0.344306 0.123618 0.129181
2 0.120261 0.691637 0.062006 0.027402
8 0.230450 0.727580 0.042259 0.032384
2 0.120656 0.691815 0.061216 0.022064
2 0.232030 0.724199 0.039889 0.038434
2 0.206161 0.583274 0.030016 0.036299
2 0.196880 0.501957 0.025671 0.030249
8 0.207148 0.585409 0.033570 0.036299
11 0.333728 0.157117 0.136651 0.030249
2 0.204976 0.585409 0.035545 0.039146
