11 0.367089 0.171595 0.175163 0.030513
11 0.342456 0.181504 0.130688 0.030198
11 0.679268 0.203838 0.178926 0.066059
13 0.290284 0.334696 0.255559 0.261088
0 0.558844 0.322586 0.115977 0.105379
13 0.286350 0.360019 0.164899 0.202265
13 0.711769 0.300566 0.220664 0.202894
13 0.320561 0.320069 0.225795 0.279648
13 0.707150 0.265964 0.123161 0.134948
13 0.718440 0.349638 0.224427 0.338157
6 0.286350 0.360019 0.164899 0.202265
11 0.744612 0.213275 0.136504 0.088707
11 0.374273 0.174583 0.189531 0.043410
