13 0.711830 0.340645 0.211216 0.136129
10 0.908923 0.749839 0.044617 0.043548
8 0.647564 0.355323 0.109701 0.097742
13 0.686042 0.315806 0.224314 0.182581
7 0.697708 0.342258 0.190340 0.133548
4 0.711830 0.340645 0.211216 0.136129
11 0.096807 0.805323 0.056897 0.035161
9 0.064470 0.324032 0.012689 0.017742
9 0.021899 0.228226 0.013508 0.010645
7 0.686042 0.315806 0.224314 0.182581
11 0.908923 0.749839 0.044617 0.043548
10 0.096807 0.805323 0.056897 0.035161
4 0.697708 0.342258 0.190340 0.133548
11 0.370446 0.115968 0.109701 0.019677
9 0.825010 0.282419 0.006959 0.013226
