13 0.268880 0.621181 0.213108 0.062500
9 0.564670 0.058681 0.623264 0.104167
9 0.115017 0.276389 0.190104 0.320139
9 0.049913 0.061458 0.094618 0.038194
9 0.230035 0.293924 0.418403 0.557292
9 0.106120 0.562847 0.132378 0.859028
9 0.066623 0.776736 0.089844 0.409028
11 0.107639 0.662326 0.039931 0.055208
7 0.261719 0.419271 0.301215 0.492708
11 0.350477 0.146354 0.181858 0.027431
13 0.258464 0.457292 0.073351 0.021528
12 0.176649 0.601562 0.168403 0.121181
9 0.980035 0.631076 0.031250 0.103125
10 0.162760 0.671181 0.138889 0.084722
10 0.196398 0.677083 0.245226 0.077778
13 0.305339 0.503299 0.084635 0.012153
9 0.329861 0.063194 0.125868 0.108333
13 0.211155 0.610243 0.107205 0.071875
9 0.719835 0.076910 0.157552 0.108681
0 0.581597 0.290799 0.104167 0.100347
12 0.175998 0.623958 0.157552 0.075694
9 0.060113 0.714583 0.118490 0.552083
10 0.107639 0.662326 0.039931 0.055208
9 0.979818 0.638889 0.040365 0.081944
12 0.179905 0.633160 0.145399 0.049653
