9 0.290365 0.200358 0.057943 0.103841
10 0.757324 0.635579 0.099284 0.166992
5 0.296387 0.501302 0.211914 0.252604
11 0.379395 0.151204 0.090169 0.021159
11 0.635905 0.162598 0.088867 0.034180
6 0.319173 0.417643 0.209961 0.412760
9 0.286458 0.426270 0.059896 0.058919
5 0.690267 0.477865 0.138346 0.273438
11 0.615234 0.156250 0.086589 0.020182
11 0.753255 0.611979 0.061198 0.094401
9 0.734538 0.397949 0.114909 0.199544
9 0.707194 0.398112 0.041992 0.059245
2 0.575684 0.349121 0.044596 0.053711
9 0.285156 0.182129 0.093099 0.143555
10 0.753255 0.611979 0.061198 0.094401
9 0.692708 0.323568 0.038411 0.048828
0 0.558105 0.350098 0.112305 0.125326
0 0.552572 0.345866 0.111003 0.114909
11 0.757324 0.635579 0.099284 0.166992
9 0.249186 0.420085 0.146810 0.295898
0 0.559082 0.339193 0.101237 0.100260
6 0.704427 0.515299 0.154297 0.189453
10 0.754232 0.618001 0.066406 0.083659
