11 0.910645 0.916600 0.117188 0.102000
11 0.094482 0.907000 0.098145 0.096400
10 0.093750 0.892800 0.095703 0.072800
11 0.923340 0.938200 0.071289 0.068400
10 0.923340 0.938200 0.071289 0.068400
13 0.806396 0.870600 0.169434 0.078800
10 0.926025 0.924600 0.080566 0.079600
10 0.100830 0.917400 0.082520 0.076400
11 0.100830 0.917400 0.082520 0.076400
11 0.093750 0.892800 0.095703 0.072800
10 0.094482 0.907000 0.098145 0.096400
11 0.362549 0.158000 0.172363 0.013600
10 0.910645 0.916600 0.117188 0.102000
11 0.926025 0.924600 0.080566 0.079600
