13 0.737230 0.220788 0.086691 0.046875
8 0.255216 0.498302 0.034892 0.029891
13 0.197662 0.518173 0.059353 0.034307
8 0.165827 0.550781 0.030935 0.028872
3 0.566906 0.629416 0.486331 0.097826
3 0.566727 0.606827 0.474460 0.181046
9 0.274101 0.471977 0.133094 0.126698
8 0.385971 0.572011 0.050360 0.031929
8 0.306655 0.557235 0.050000 0.047215
6 0.261151 0.456522 0.107194 0.084239
8 0.388309 0.571332 0.033453 0.029212
13 0.751978 0.214164 0.044964 0.071671
8 0.388669 0.573370 0.044245 0.033288
11 0.681115 0.129925 0.088849 0.056046
7 0.240288 0.492867 0.194964 0.177989
8 0.200180 0.526325 0.038489 0.031590
8 0.763849 0.392663 0.033453 0.034647
13 0.172842 0.554518 0.032734 0.021399
8 0.200180 0.520380 0.036331 0.038723
8 0.137410 0.640625 0.029496 0.027174
7 0.274101 0.471977 0.133094 0.126698
8 0.765468 0.396060 0.033813 0.032609
13 0.763309 0.397588 0.041007 0.037024
