8 0.264106 0.432465 0.056858 0.037153
8 0.726128 0.336979 0.030382 0.026736
9 0.866536 0.248264 0.048177 0.037500
7 0.745443 0.563368 0.218316 0.342014
8 0.725260 0.336111 0.045139 0.031944
8 0.300347 0.288368 0.029514 0.021181
8 0.292969 0.323090 0.019965 0.018403
8 0.657769 0.296007 0.022135 0.019097
9 0.092448 0.475868 0.039931 0.043403
9 0.072700 0.358160 0.037760 0.041319
5 0.745443 0.563368 0.218316 0.342014
0 0.569444 0.424653 0.132812 0.154861
9 0.091363 0.489931 0.055990 0.091667
5 0.270182 0.521181 0.254774 0.463194
8 0.512587 0.460938 0.917535 0.686458
8 0.710938 0.457118 0.028646 0.022569
10 0.186198 0.777951 0.181424 0.039931
8 0.662543 0.440972 0.023003 0.021528
5 0.736545 0.563715 0.296875 0.348958
10 0.159505 0.734722 0.062066 0.086806
8 0.605252 0.248090 0.027344 0.017708
9 0.075304 0.351215 0.033420 0.046875
11 0.128906 0.746528 0.081597 0.080556
8 0.736762 0.307292 0.034288 0.019444
8 0.277995 0.601042 0.045573 0.025000
8 0.301649 0.293056 0.020833 0.017361
0 0.568142 0.422049 0.128472 0.137153
9 0.897786 0.302604 0.029948 0.038542
11 0.294271 0.255382 0.126736 0.079514
9 0.881510 0.267708 0.085069 0.122917
7 0.253906 0.563889 0.261285 0.414583
0 0.576606 0.427083 0.114149 0.146528
11 0.159505 0.734722 0.062066 0.086806
8 0.778646 0.522743 0.023438 0.020486
8 0.777995 0.523611 0.028212 0.019444
11 0.646050 0.215799 0.141059 0.039236
8 0.325304 0.554514 0.042969 0.040278
8 0.661892 0.441319 0.029514 0.023611
8 0.618924 0.225174 0.020833 0.014236
8 0.822483 0.555208 0.023438 0.020833
8 0.687717 0.578472 0.023872 0.017361
9 0.560981 0.156424 0.022135 0.023264
8 0.293837 0.322049 0.027778 0.019097
8 0.655165 0.294965 0.029080 0.023958
10 0.128906 0.746528 0.081597 0.080556
5 0.253906 0.563889 0.261285 0.414583
