10 0.333886 0.533883 0.290060 0.281952
3 0.596235 0.629565 0.469578 0.198736
4 0.723946 0.590063 0.226205 0.345857
13 0.276355 0.420646 0.115964 0.028090
7 0.314759 0.444698 0.200000 0.345857
6 0.736898 0.369206 0.086446 0.097963
11 0.328765 0.255267 0.218976 0.252809
10 0.304518 0.690485 0.303012 0.227177
0 0.564458 0.325316 0.092771 0.159761
0 0.561145 0.301966 0.107229 0.118680
3 0.601054 0.644312 0.464759 0.336376
11 0.328012 0.325140 0.223494 0.393961
6 0.311145 0.438904 0.173494 0.320927
10 0.280120 0.422577 0.106627 0.024228
10 0.301657 0.416959 0.258133 0.567065
11 0.301657 0.416959 0.258133 0.567065
7 0.278163 0.561798 0.178614 0.208567
