3 0.543741 0.683239 0.421053 0.181108
1 0.326636 0.222301 0.230797 0.291903
2 0.603307 0.546165 0.056543 0.080256
7 0.326636 0.222301 0.230797 0.291903
9 0.168385 0.499467 0.016003 0.030895
8 0.610953 0.539595 0.036984 0.052202
8 0.677276 0.649680 0.031650 0.035156
1 0.311522 0.242720 0.236842 0.246094
8 0.168385 0.499467 0.016003 0.030895
1 0.308499 0.200994 0.218706 0.213068
8 0.677809 0.653054 0.021337 0.021307
3 0.545875 0.650213 0.413940 0.216619
8 0.605797 0.542791 0.035206 0.047230
2 0.676920 0.650746 0.021693 0.020952
8 0.581259 0.571733 0.016003 0.019886
2 0.166785 0.501065 0.012091 0.025568
7 0.165718 0.499112 0.011380 0.024503
