0 0.491536 0.325694 0.108073 0.121528
9 0.352431 0.244271 0.063368 0.167014
9 0.343316 0.269271 0.070312 0.117708
7 0.343316 0.269271 0.070312 0.117708
10 0.132378 0.574653 0.263021 0.291667
11 0.135634 0.578993 0.262587 0.286458
10 0.135634 0.578993 0.262587 0.286458
10 0.805122 0.592187 0.081597 0.111458
7 0.147786 0.550347 0.200955 0.089583
13 0.352214 0.190625 0.042969 0.054167
10 0.778863 0.583160 0.099392 0.098958
7 0.142578 0.546701 0.207031 0.138542
10 0.067274 0.603125 0.130208 0.092361
7 0.191840 0.533160 0.223090 0.169097
10 0.747613 0.613889 0.200087 0.139583
