9 0.348290 0.438482 0.139022 0.141361
8 0.313534 0.588187 0.182788 0.148887
11 0.145090 0.648397 0.078338 0.166558
3 0.578338 0.648724 0.434351 0.156741
0 0.563994 0.332624 0.137183 0.112238
9 0.417985 0.323789 0.084958 0.189463
7 0.348290 0.438482 0.139022 0.141361
4 0.308385 0.523724 0.159250 0.266688
7 0.184627 0.601276 0.097830 0.108966
7 0.229680 0.561191 0.181317 0.257199
4 0.313534 0.588187 0.182788 0.148887
10 0.145090 0.648397 0.078338 0.166558
13 0.184627 0.601276 0.097830 0.108966
4 0.302685 0.583279 0.172122 0.163285
4 0.348290 0.438482 0.139022 0.141361
7 0.302685 0.583279 0.172122 0.163285
10 0.200441 0.663285 0.215520 0.218586
10 0.159618 0.677029 0.125046 0.184555
