7 0.163194 0.317187 0.089410 0.092014
13 0.222222 0.352604 0.196181 0.430208
11 0.236328 0.193750 0.200087 0.096528
0 0.450304 0.285069 0.082899 0.109722
11 0.662977 0.406076 0.043837 0.157292
11 0.530165 0.172222 0.154080 0.038889
3 0.447049 0.575521 0.344618 0.139236
7 0.236328 0.193750 0.200087 0.096528
1 0.222873 0.366146 0.183594 0.351736
13 0.545356 0.331076 0.219184 0.301042
11 0.531467 0.175347 0.148872 0.041667
11 0.531684 0.170486 0.157118 0.046528
11 0.232422 0.538715 0.049913 0.062153
13 0.567057 0.234201 0.183594 0.130208
7 0.531684 0.170486 0.157118 0.046528
7 0.585720 0.452083 0.144531 0.056944
13 0.222873 0.366146 0.183594 0.351736
11 0.075304 0.663368 0.034288 0.037153
7 0.644314 0.386979 0.056858 0.062153
13 0.578342 0.436632 0.175781 0.080903
7 0.250000 0.161979 0.142361 0.073958
