10 0.096354 0.534201 0.061632 0.053819
10 0.087457 0.535243 0.065538 0.052431
13 0.801215 0.488715 0.139757 0.039236
7 0.265625 0.560590 0.292535 0.121875
0 0.545573 0.340451 0.125868 0.127431
0 0.547960 0.324479 0.108941 0.095486
3 0.556641 0.529340 0.422309 0.126736
11 0.087457 0.535243 0.065538 0.052431
11 0.096354 0.534201 0.061632 0.053819
9 0.220052 0.497743 0.183160 0.054514
10 0.143229 0.585938 0.184896 0.104514
9 0.219835 0.510590 0.178385 0.039931
13 0.818576 0.493403 0.112847 0.029861
13 0.130425 0.525347 0.076823 0.040972
