0 0.611402 0.315365 0.122385 0.117188
8 0.303609 0.295052 0.022490 0.022396
8 0.111140 0.767187 0.023536 0.022917
8 0.737971 0.756771 0.026151 0.026042
8 0.189069 0.344792 0.019351 0.017708
8 0.838912 0.599479 0.252092 0.428125
0 0.617416 0.313542 0.101987 0.095833
8 0.250262 0.507812 0.338389 0.698958
8 0.810669 0.566667 0.266736 0.535417
0 0.611402 0.328906 0.122385 0.155729
8 0.308577 0.529167 0.029289 0.028125
8 0.352510 0.356771 0.019874 0.015625
8 0.134937 0.400260 0.020921 0.024479
8 0.212082 0.444010 0.025628 0.021354
8 0.195868 0.289844 0.018305 0.016146
8 0.183577 0.366667 0.019874 0.017708
8 0.845973 0.403906 0.018305 0.016146
8 0.206590 0.360417 0.013598 0.014583
8 0.217312 0.499740 0.338389 0.618229
8 0.846234 0.704167 0.020921 0.022917
8 0.798902 0.460156 0.020397 0.020313
