7 0.819556 0.546167 0.276210 0.322300
11 0.404486 0.085366 0.214214 0.067944
7 0.313004 0.305967 0.307460 0.197300
13 0.314012 0.315331 0.338710 0.206446
1 0.314012 0.315331 0.338710 0.206446
7 0.298891 0.319686 0.258065 0.168990
4 0.314012 0.315331 0.338710 0.206446
7 0.394405 0.547256 0.104335 0.215592
10 0.900706 0.597779 0.128024 0.228659
4 0.818044 0.491289 0.162298 0.216028
6 0.313004 0.305967 0.307460 0.197300
6 0.314012 0.315331 0.338710 0.206446
10 0.856855 0.646341 0.184476 0.277875
11 0.724042 0.080575 0.143649 0.070557
4 0.819556 0.546167 0.276210 0.322300
6 0.394405 0.547256 0.104335 0.215592
7 0.828125 0.517422 0.219758 0.301394
