10 0.283203 0.468099 0.220703 0.222656
13 0.334310 0.205729 0.186198 0.208984
13 0.314779 0.216797 0.189453 0.203125
10 0.210612 0.484212 0.110026 0.158529
13 0.328288 0.206706 0.210612 0.220052
10 0.277018 0.498047 0.201172 0.172526
13 0.649902 0.215658 0.170898 0.226888
13 0.655436 0.217936 0.152669 0.206055
7 0.294108 0.478353 0.204102 0.073242
6 0.655436 0.217936 0.152669 0.206055
7 0.316732 0.437663 0.198568 0.107096
13 0.658366 0.197917 0.158529 0.194661
6 0.334310 0.205729 0.186198 0.208984
