11 0.107776 0.881953 0.075226 0.075740
11 0.114647 0.888462 0.044123 0.041420
11 0.109765 0.866864 0.068354 0.088757
11 0.888969 0.847781 0.088969 0.070710
10 0.114647 0.888462 0.044123 0.041420
10 0.907233 0.841420 0.038698 0.020710
10 0.107776 0.881953 0.075226 0.075740
7 0.295479 0.240089 0.356600 0.260651
11 0.907233 0.841420 0.038698 0.020710
6 0.267450 0.240089 0.265823 0.241716
10 0.897830 0.819379 0.078481 0.083728
4 0.295479 0.240089 0.356600 0.260651
13 0.295479 0.240089 0.356600 0.260651
4 0.283725 0.236095 0.255696 0.271006
13 0.283725 0.236095 0.255696 0.271006
10 0.109765 0.866864 0.068354 0.088757
10 0.888969 0.847781 0.088969 0.070710
11 0.897830 0.819379 0.078481 0.083728
13 0.267450 0.240089 0.265823 0.241716
