13 0.677913 0.227426 0.109513 0.167998
0 0.562684 0.299601 0.122419 0.127457
10 0.134218 0.715909 0.031711 0.060811
13 0.320796 0.251382 0.193215 0.117015
11 0.134218 0.715909 0.031711 0.060811
1 0.341445 0.174754 0.185841 0.093366
1 0.321165 0.260749 0.179204 0.202703
2 0.598267 0.273649 0.026180 0.037469
13 0.321165 0.260749 0.179204 0.202703
13 0.313053 0.231880 0.199853 0.148649
11 0.353060 0.153409 0.174410 0.041462
13 0.707596 0.239711 0.120944 0.117015
13 0.694137 0.246007 0.071165 0.123464
9 0.913348 0.191339 0.113569 0.124693
