7 0.316189 0.149132 0.121962 0.103819
7 0.281684 0.434201 0.149306 0.076042
11 0.329427 0.101042 0.156250 0.052778
13 0.265191 0.311111 0.130208 0.094444
1 0.216146 0.524132 0.198785 0.232986
8 0.673177 0.291146 0.094618 0.100347
4 0.265625 0.259375 0.208333 0.232639
8 0.710503 0.339062 0.011285 0.009375
11 0.153429 0.493229 0.042969 0.115625
8 0.652561 0.254514 0.015191 0.009722
11 0.571398 0.078472 0.093316 0.020833
8 0.697266 0.315104 0.011719 0.010069
13 0.287326 0.154340 0.067708 0.073264
10 0.216146 0.524132 0.198785 0.232986
13 0.669054 0.297917 0.106337 0.094444
10 0.153429 0.493229 0.042969 0.115625
0 0.496745 0.246701 0.118490 0.101736
8 0.672743 0.284028 0.008681 0.009028
3 0.442925 0.546007 0.376302 0.098958
7 0.265191 0.311111 0.130208 0.094444
7 0.267795 0.229514 0.226562 0.292361
10 0.162760 0.530382 0.114583 0.067708
7 0.227431 0.416146 0.157986 0.151736
13 0.673177 0.291146 0.094618 0.100347
3 0.411024 0.488194 0.450521 0.170833
9 0.155816 0.159375 0.093750 0.143056
4 0.267795 0.229514 0.226562 0.292361
8 0.632595 0.309549 0.013455 0.014931
