8 0.307927 0.270172 0.171138 0.123176
3 0.588008 0.712017 0.464634 0.163948
7 0.172358 0.641631 0.060976 0.054077
10 0.131707 0.772103 0.073984 0.113305
0 0.587805 0.374249 0.142276 0.186266
11 0.131707 0.772103 0.073984 0.113305
11 0.305488 0.208584 0.174390 0.102146
7 0.151829 0.657296 0.104472 0.116309
7 0.303252 0.239485 0.211382 0.180258
7 0.307927 0.270172 0.171138 0.123176
11 0.286992 0.213090 0.194309 0.095708
0 0.594512 0.367811 0.129675 0.169099
0 0.593496 0.357511 0.124390 0.166524
7 0.158537 0.669313 0.105691 0.114592
7 0.286992 0.213090 0.194309 0.095708
