8 0.859236 0.570742 0.030852 0.036117
13 0.853259 0.602054 0.065947 0.102054
11 0.372734 0.176441 0.092943 0.033466
10 0.086579 0.890159 0.060548 0.065938
10 0.869649 0.877402 0.068646 0.093439
10 0.872541 0.894135 0.087543 0.111663
9 0.855573 0.570245 0.036637 0.030484
10 0.866564 0.888502 0.072503 0.087806
11 0.089664 0.886846 0.063633 0.089795
13 0.253567 0.415010 0.148477 0.060636
9 0.218473 0.303181 0.050521 0.035785
10 0.089664 0.886846 0.063633 0.089795
11 0.086579 0.890159 0.060548 0.065938
11 0.869649 0.877402 0.068646 0.093439
13 0.855573 0.570245 0.036637 0.030484
11 0.872541 0.894135 0.087543 0.111663
11 0.866564 0.888502 0.072503 0.087806
13 0.231199 0.405567 0.126880 0.029821
13 0.303702 0.406561 0.171616 0.050364
