13 0.194107 0.555972 0.024301 0.014706
0 0.575030 0.350990 0.085055 0.092137
6 0.289490 0.694328 0.180437 0.165966
13 0.290401 0.319028 0.208991 0.207683
13 0.201853 0.535264 0.093256 0.053121
13 0.320930 0.325630 0.121810 0.186675
0 0.570778 0.355942 0.103888 0.105042
3 0.553919 0.744298 0.392163 0.136255
13 0.773694 0.518607 0.135480 0.201681
13 0.292375 0.324880 0.205650 0.223589
0 0.567740 0.365996 0.104496 0.132353
5 0.741039 0.435774 0.198360 0.356543
13 0.289490 0.694328 0.180437 0.165966
3 0.551337 0.737545 0.396719 0.206783
13 0.188032 0.518007 0.074727 0.021008
13 0.776580 0.517407 0.113305 0.161465
5 0.298147 0.531363 0.198360 0.491897
