1 0.285738 0.454940 0.350883 0.612488
7 0.195435 0.444963 0.130956 0.338268
11 0.754249 0.193112 0.087637 0.104281
10 0.275741 0.664467 0.274908 0.162536
2 0.644119 0.207757 0.135288 0.102028
4 0.353882 0.443836 0.193935 0.372707
7 0.277074 0.637432 0.189603 0.107177
1 0.320726 0.288542 0.159613 0.324107
2 0.211929 0.492919 0.085971 0.200515
10 0.239587 0.710814 0.219927 0.186353
1 0.303732 0.185549 0.179607 0.191503
8 0.788737 0.524461 0.030656 0.029289
10 0.285738 0.454940 0.350883 0.612488
8 0.194435 0.564371 0.037654 0.036369
1 0.701100 0.182008 0.165945 0.158674
2 0.217428 0.477792 0.089637 0.190859
7 0.319227 0.206952 0.209930 0.211780
8 0.784072 0.523495 0.031989 0.040232
13 0.664112 0.244931 0.165945 0.165433
7 0.285738 0.454940 0.350883 0.612488
13 0.644119 0.207757 0.135288 0.102028
13 0.673109 0.240103 0.191936 0.240747
7 0.673109 0.240103 0.191936 0.240747
13 0.701433 0.280496 0.153282 0.136788
2 0.658614 0.212424 0.132956 0.096556
2 0.783572 0.523173 0.034322 0.041519
13 0.236588 0.403927 0.127957 0.145478
13 0.277074 0.637432 0.189603 0.107177
