11 0.271675 0.227650 0.104597 0.155172
13 0.343258 0.733238 0.089787 0.109515
13 0.344492 0.737548 0.071891 0.108557
0 0.576828 0.338282 0.094107 0.114623
10 0.216600 0.843550 0.063561 0.069604
13 0.318266 0.745530 0.134218 0.136654
0 0.572663 0.347542 0.104289 0.152937
10 0.223851 0.842593 0.065720 0.065134
13 0.341561 0.323914 0.180808 0.292146
0 0.577291 0.352810 0.107374 0.140485
11 0.219068 0.846105 0.053687 0.061941
11 0.291885 0.216635 0.128355 0.163793
11 0.313483 0.208174 0.182043 0.186462
13 0.321969 0.330779 0.145943 0.256705
11 0.223851 0.842593 0.065720 0.065134
13 0.326288 0.347701 0.149028 0.291188
10 0.219068 0.846105 0.053687 0.061941
