11 0.060062 0.739556 0.045564 0.116673
11 0.837591 0.660143 0.061098 0.144524
7 0.781326 0.633045 0.111495 0.134738
11 0.245944 0.130975 0.090784 0.061724
4 0.241457 0.618367 0.322748 0.371095
11 0.314981 0.098796 0.043838 0.010915
10 0.840352 0.666353 0.061788 0.159955
11 0.607180 0.107828 0.171902 0.031238
7 0.191060 0.599172 0.232309 0.202484
11 0.319641 0.101618 0.056610 0.016560
7 0.682085 0.576778 0.207111 0.230711
10 0.063514 0.738615 0.047635 0.168235
11 0.063514 0.738615 0.047635 0.168235
0 0.506731 0.352277 0.111149 0.129469
10 0.060062 0.739556 0.045564 0.116673
11 0.840352 0.666353 0.061788 0.159955
0 0.503107 0.348890 0.112875 0.127211
7 0.241457 0.618367 0.322748 0.371095
13 0.294615 0.201543 0.089403 0.173504
7 0.252675 0.611592 0.317570 0.384644
10 0.837591 0.660143 0.061098 0.144524
13 0.272696 0.151675 0.046945 0.082800
3 0.531584 0.649605 0.463928 0.156568
11 0.597515 0.102559 0.120815 0.024464
10 0.711253 0.710576 0.350362 0.197968
10 0.222989 0.777004 0.351398 0.108017
