11 0.400635 0.159800 0.085449 0.054000
7 0.294922 0.670600 0.222656 0.187600
13 0.797119 0.669600 0.239746 0.145600
6 0.321777 0.612400 0.331055 0.252000
11 0.677246 0.138800 0.132812 0.032000
3 0.602051 0.678800 0.421875 0.211200
6 0.294922 0.670600 0.222656 0.187600
13 0.799805 0.644600 0.218750 0.180400
13 0.313965 0.610200 0.291992 0.234000
13 0.302002 0.630200 0.258301 0.112400
6 0.799805 0.644600 0.218750 0.180400
6 0.313965 0.610200 0.291992 0.234000
10 0.889648 0.711800 0.055664 0.050800
9 0.822998 0.102200 0.057129 0.009200
11 0.889648 0.711800 0.055664 0.050800
