5 0.232231 0.594350 0.180155 0.424673
10 0.115060 0.864912 0.058410 0.137971
13 0.770936 0.756726 0.322308 0.116833
8 0.181034 0.750384 0.024982 0.028055
5 0.867347 0.659301 0.128079 0.260953
11 0.684729 0.076480 0.132301 0.043044
11 0.409395 0.076864 0.156580 0.046887
0 0.593068 0.326095 0.127023 0.124135
0 0.610134 0.318409 0.102041 0.117986
9 0.503695 0.361068 0.111541 0.662183
11 0.115060 0.864912 0.058410 0.137971
11 0.418367 0.080515 0.173821 0.060338
0 0.601689 0.325711 0.111189 0.136434
