9 0.494333 0.346500 0.149333 0.393667
5 0.692667 0.537833 0.314000 0.379667
9 0.500667 0.348333 0.154000 0.417333
7 0.304333 0.468000 0.218667 0.309333
9 0.698667 0.518333 0.214000 0.352667
9 0.487667 0.347167 0.238000 0.421000
5 0.304333 0.468000 0.218667 0.309333
13 0.698667 0.518333 0.214000 0.352667
10 0.577167 0.594833 0.388333 0.259000
9 0.304333 0.468000 0.218667 0.309333
3 0.577167 0.594833 0.388333 0.259000
5 0.698667 0.518333 0.214000 0.352667
3 0.591500 0.578500 0.417000 0.237000
13 0.304333 0.468000 0.218667 0.309333
5 0.281500 0.495667 0.300333 0.380000
7 0.698667 0.518333 0.214000 0.352667
5 0.300333 0.471833 0.223333 0.278333
5 0.739667 0.524500 0.188000 0.367667
