4 0.218316 0.315799 0.231771 0.139236
7 0.207031 0.406771 0.332465 0.303819
9 0.216580 0.402778 0.275174 0.334028
12 0.255208 0.221354 0.361979 0.271875
10 0.050781 0.671007 0.084201 0.113542
11 0.043620 0.683333 0.069010 0.121528
6 0.235894 0.270313 0.224392 0.095486
13 0.778212 0.271701 0.125868 0.080903
0 0.533420 0.293403 0.151042 0.178472
9 0.182943 0.412674 0.253038 0.293403
8 0.207031 0.406771 0.332465 0.303819
7 0.218316 0.315799 0.231771 0.139236
0 0.535590 0.270486 0.138021 0.115972
10 0.043620 0.683333 0.069010 0.121528
13 0.193359 0.570139 0.265191 0.082639
12 0.233941 0.352778 0.410590 0.631250
