13 0.693161 0.306734 0.084692 0.103795
10 0.765625 0.639881 0.268569 0.144345
13 0.283741 0.274368 0.162591 0.132068
10 0.779891 0.617374 0.248188 0.193080
11 0.112319 0.871466 0.041667 0.037574
6 0.734601 0.441406 0.295290 0.412574
3 0.580163 0.631882 0.432971 0.178943
6 0.233243 0.295201 0.087862 0.127604
0 0.585598 0.338356 0.132246 0.114211
10 0.112319 0.871466 0.041667 0.037574
4 0.707654 0.235677 0.129982 0.100818
13 0.708560 0.245350 0.226902 0.123140
7 0.726676 0.609561 0.264040 0.161830
7 0.708560 0.245350 0.226902 0.123140
0 0.591259 0.335379 0.117301 0.106027
13 0.706748 0.289621 0.214221 0.189360
7 0.783288 0.578683 0.182518 0.190848
13 0.233243 0.295201 0.087862 0.127604
6 0.323596 0.282738 0.244112 0.166667
10 0.723053 0.654576 0.379076 0.354539
11 0.708560 0.245350 0.226902 0.123140
