11 0.843151 0.872159 0.048372 0.056006
1 0.782807 0.289164 0.174808 0.260958
13 0.782807 0.289164 0.174808 0.260958
1 0.795977 0.229302 0.165709 0.175325
10 0.846983 0.853084 0.058908 0.051136
11 0.846025 0.866883 0.043582 0.052760
11 0.159004 0.902800 0.086207 0.075893
1 0.789990 0.260146 0.229406 0.184253
11 0.846983 0.853084 0.058908 0.051136
11 0.313218 0.142045 0.098659 0.071429
10 0.159004 0.902800 0.086207 0.075893
13 0.789990 0.260146 0.229406 0.184253
6 0.828305 0.403612 0.123084 0.140828
11 0.150383 0.904830 0.053640 0.051542
11 0.163314 0.913555 0.038314 0.041396
