10 0.082260 0.741012 0.063149 0.066318
11 0.087661 0.735079 0.066473 0.124258
0 0.598463 0.373997 0.135854 0.136475
7 0.341712 0.566492 0.119236 0.151483
9 0.707935 0.519197 0.078936 0.127400
3 0.631076 0.719546 0.469464 0.215358
11 0.082260 0.741012 0.063149 0.066318
13 0.195472 0.723211 0.230577 0.043281
0 0.597424 0.363874 0.131284 0.112740
3 0.633776 0.740663 0.472372 0.171728
7 0.195472 0.723211 0.230577 0.043281
11 0.080806 0.736126 0.049439 0.048168
0 0.596593 0.361082 0.136269 0.109948
10 0.087661 0.735079 0.066473 0.124258
