0 0.574219 0.394271 0.172743 0.132292
3 0.564236 0.589063 0.464410 0.081597
0 0.579210 0.393056 0.164497 0.130556
13 0.833116 0.563715 0.106337 0.043403
7 0.255208 0.557292 0.164931 0.047222
0 0.559896 0.373437 0.145833 0.086458
10 0.169054 0.579340 0.103733 0.098958
11 0.160590 0.582292 0.065104 0.089583
4 0.830946 0.572569 0.135851 0.090278
4 0.255208 0.557292 0.164931 0.047222
11 0.169054 0.579340 0.103733 0.098958
7 0.830946 0.572569 0.135851 0.090278
11 0.900825 0.594444 0.045573 0.086111
10 0.900825 0.594444 0.045573 0.086111
13 0.292535 0.552951 0.122396 0.028819
7 0.833116 0.563715 0.106337 0.043403
7 0.292535 0.552951 0.122396 0.028819
3 0.562283 0.564410 0.444010 0.098958
13 0.841146 0.560938 0.108507 0.035069
10 0.239800 0.569271 0.195747 0.110764
7 0.253906 0.554861 0.197049 0.032639
10 0.160590 0.582292 0.065104 0.089583
