3 0.555536 0.679066 0.473929 0.155363
6 0.241607 0.650000 0.098214 0.086159
6 0.162857 0.515398 0.107857 0.128374
13 0.212679 0.237889 0.058929 0.131142
9 0.290714 0.401038 0.047143 0.036678
9 0.212679 0.237889 0.058929 0.131142
11 0.876607 0.816436 0.050357 0.087543
3 0.559107 0.669204 0.466071 0.129412
9 0.200714 0.445848 0.072143 0.090311
10 0.876607 0.816436 0.050357 0.087543
13 0.185536 0.566782 0.161071 0.239446
3 0.557679 0.658651 0.483929 0.189965
13 0.167500 0.504498 0.123571 0.116263
7 0.230893 0.639619 0.081786 0.108304
