11 0.897296 0.730545 0.041784 0.067096
13 0.755618 0.406403 0.278090 0.494179
6 0.343574 0.252145 0.159761 0.223039
7 0.223490 0.473652 0.161166 0.105392
13 0.737886 0.374387 0.145014 0.065564
6 0.763869 0.372702 0.270014 0.532782
10 0.897296 0.730545 0.041784 0.067096
13 0.684340 0.124847 0.051264 0.083640
13 0.288975 0.370558 0.292135 0.507047
7 0.319874 0.257966 0.160112 0.194853
5 0.286341 0.371477 0.317767 0.545650
7 0.709445 0.358150 0.139396 0.286152
5 0.763869 0.372702 0.270014 0.532782
13 0.206987 0.317249 0.107093 0.031556
0 0.554775 0.250000 0.145365 0.140319
13 0.674684 0.111520 0.084621 0.086397
5 0.737535 0.373468 0.270716 0.596814
7 0.254740 0.478707 0.205407 0.108150
5 0.288975 0.370558 0.292135 0.507047
7 0.203476 0.485600 0.126756 0.083333
0 0.565660 0.247549 0.127809 0.119485
6 0.254740 0.478707 0.205407 0.108150
2 0.674684 0.111520 0.084621 0.086397
5 0.755618 0.406403 0.278090 0.494179
7 0.325492 0.254442 0.148876 0.142463
13 0.216994 0.313725 0.128511 0.031863
7 0.763869 0.372702 0.270014 0.532782
11 0.106390 0.684896 0.036517 0.060355
4 0.325492 0.254442 0.148876 0.142463
7 0.343574 0.252145 0.159761 0.223039
11 0.294242 0.564645 0.041433 0.047794
10 0.106390 0.684896 0.036517 0.060355
