11 0.822483 0.836979 0.054688 0.064931
7 0.260417 0.309896 0.316840 0.325347
10 0.034939 0.809896 0.055990 0.073958
7 0.273655 0.327431 0.313802 0.261806
10 0.822483 0.836979 0.054688 0.064931
11 0.034939 0.809896 0.055990 0.073958
11 0.820530 0.838889 0.057726 0.061111
11 0.822700 0.846354 0.053385 0.082292
10 0.021484 0.814236 0.038628 0.075694
10 0.822700 0.846354 0.053385 0.082292
4 0.265191 0.320139 0.306424 0.263889
11 0.029731 0.812847 0.056858 0.077778
4 0.273655 0.327431 0.313802 0.261806
11 0.021484 0.814236 0.038628 0.075694
0 0.525174 0.370486 0.128472 0.093750
