0 0.587545 0.401818 0.119693 0.130477
13 0.349980 0.270691 0.023858 0.021422
13 0.592802 0.283999 0.016983 0.016228
8 0.588961 0.283674 0.016579 0.017527
8 0.627780 0.270529 0.025475 0.017851
0 0.579054 0.401655 0.126163 0.133398
13 0.655681 0.333496 0.038415 0.106784
11 0.379701 0.246186 0.065507 0.030185
11 0.623332 0.242291 0.125758 0.045764
13 0.629802 0.271665 0.023049 0.019474
7 0.350789 0.273775 0.019005 0.018500
3 0.586939 0.680623 0.452487 0.126582
3 0.601294 0.691983 0.463405 0.118143
3 0.591994 0.689711 0.454509 0.110354
13 0.588961 0.283674 0.016579 0.017527
13 0.406591 0.296332 0.007683 0.011035
0 0.573999 0.390944 0.143550 0.118468
