9 0.699707 0.475911 0.163737 0.398438
5 0.699707 0.475911 0.163737 0.398438
13 0.346029 0.470215 0.185547 0.373372
11 0.768066 0.753255 0.034180 0.055990
10 0.768066 0.753255 0.034180 0.055990
13 0.699707 0.475911 0.163737 0.398438
5 0.342773 0.485026 0.201823 0.538411
11 0.257161 0.785156 0.044271 0.055990
5 0.677083 0.445150 0.212891 0.547201
5 0.346029 0.470215 0.185547 0.373372
5 0.348307 0.487630 0.218099 0.565104
5 0.683919 0.454102 0.192708 0.565104
10 0.257161 0.785156 0.044271 0.055990
9 0.346029 0.470215 0.185547 0.373372
