6 0.308594 0.271181 0.220486 0.335417
5 0.338542 0.294271 0.261285 0.310069
4 0.315538 0.186632 0.151042 0.107292
13 0.331380 0.265451 0.259983 0.345486
10 0.175130 0.627778 0.055122 0.061806
10 0.172526 0.647396 0.026476 0.030903
6 0.331380 0.265451 0.259983 0.345486
11 0.175130 0.627778 0.055122 0.061806
10 0.175564 0.638542 0.055122 0.049306
13 0.338542 0.294271 0.261285 0.310069
7 0.315538 0.186632 0.151042 0.107292
8 0.322266 0.177257 0.188802 0.110764
13 0.308594 0.271181 0.220486 0.335417
11 0.175564 0.638542 0.055122 0.049306
11 0.172526 0.647396 0.026476 0.030903
