13 0.644547 0.397902 0.108025 0.130565
11 0.088992 0.815497 0.041152 0.057363
13 0.635545 0.427440 0.141461 0.151113
13 0.217078 0.367723 0.197531 0.125000
11 0.925154 0.802654 0.047840 0.065068
11 0.087449 0.819135 0.062757 0.090325
11 0.916152 0.802226 0.069959 0.054795
10 0.087449 0.819135 0.062757 0.090325
13 0.258488 0.430437 0.198045 0.247003
10 0.916152 0.802226 0.069959 0.054795
8 0.209619 0.729238 0.028292 0.019264
10 0.088992 0.815497 0.041152 0.057363
10 0.925154 0.802654 0.047840 0.065068
13 0.217335 0.372217 0.204218 0.130565
