0 0.554874 0.277174 0.106771 0.181159
7 0.757812 0.558424 0.053571 0.108696
3 0.577939 0.600317 0.358259 0.198822
9 0.840960 0.456522 0.023438 0.086957
7 0.658110 0.288496 0.076637 0.147645
3 0.587984 0.580163 0.366443 0.195652
4 0.649740 0.302536 0.062128 0.120471
0 0.560268 0.266757 0.095238 0.148551
3 0.588356 0.578578 0.380580 0.142663
10 0.185082 0.653533 0.057664 0.090580
11 0.185082 0.653533 0.057664 0.090580
7 0.692336 0.320652 0.151786 0.199275
8 0.641927 0.289629 0.073289 0.156250
7 0.641927 0.289629 0.073289 0.156250
