11 0.278846 0.151544 0.118650 0.091491
13 0.224057 0.264872 0.042453 0.035768
13 0.281749 0.291039 0.221698 0.207831
7 0.289187 0.291980 0.089985 0.073419
6 0.284470 0.269767 0.148766 0.149473
5 0.319122 0.474962 0.244194 0.456702
0 0.593251 0.406815 0.122642 0.164533
0 0.584543 0.405497 0.152395 0.184488
5 0.728774 0.501318 0.227504 0.439383
3 0.580189 0.695595 0.489840 0.195407
3 0.584180 0.708584 0.534107 0.185994
0 0.582184 0.388554 0.141872 0.143825
3 0.558237 0.717244 0.535196 0.182229
11 0.711538 0.185806 0.174891 0.092244
13 0.289187 0.291980 0.089985 0.073419
