0 0.588058 0.379985 0.140034 0.161043
11 0.401418 0.191718 0.130155 0.064417
8 0.177191 0.621357 0.029639 0.031058
11 0.379940 0.173121 0.096649 0.037193
13 0.752148 0.521472 0.203608 0.040644
11 0.641108 0.185775 0.082045 0.038727
8 0.890893 0.490414 0.031787 0.016104
13 0.321735 0.301572 0.135739 0.127684
13 0.328823 0.333781 0.072595 0.076304
13 0.221220 0.300422 0.055842 0.032592
13 0.186211 0.714149 0.034794 0.037193
0 0.595576 0.380368 0.137887 0.147239
8 0.845790 0.603911 0.014605 0.013804
3 0.545318 0.733512 0.435997 0.174080
