13 0.248515 0.391869 0.106533 0.049317
13 0.652932 0.278241 0.034892 0.100633
7 0.308278 0.281739 0.026355 0.023659
13 0.310319 0.292902 0.089087 0.102632
13 0.241648 0.486005 0.065330 0.078307
13 0.235895 0.386704 0.131032 0.054982
13 0.224202 0.489837 0.085375 0.079973
7 0.256310 0.463012 0.027097 0.026991
0 0.543801 0.379040 0.090572 0.110963
13 0.235895 0.385705 0.128805 0.056981
13 0.267446 0.650450 0.027840 0.015995
3 0.535449 0.636455 0.384187 0.128624
3 0.531737 0.671609 0.384187 0.103632
13 0.300111 0.269410 0.047142 0.046318
13 0.644766 0.300067 0.086860 0.146285
13 0.653118 0.275408 0.052339 0.087637
