2 0.422346 0.618923 0.027618 0.067207
0 0.595947 0.190896 0.091463 0.093899
11 0.869261 0.654909 0.045552 0.055291
2 0.422525 0.617969 0.028694 0.072927
0 0.598278 0.204242 0.088953 0.133937
0 0.600430 0.221401 0.090387 0.133937
3 0.655846 0.571497 0.280846 0.149666
13 0.454627 0.193518 0.098637 0.195424
10 0.869261 0.654909 0.045552 0.055291
10 0.865495 0.637035 0.040172 0.071020
11 0.865495 0.637035 0.040172 0.071020
11 0.864598 0.638704 0.031923 0.053384
2 0.424498 0.620353 0.032640 0.070067
