2 0.754232 0.552572 0.101562 0.162435
3 0.603353 0.629395 0.347331 0.118164
11 0.728190 0.202311 0.054036 0.060221
9 0.754232 0.552572 0.101562 0.162435
0 0.582845 0.352702 0.096680 0.095378
6 0.341960 0.294108 0.036784 0.032878
11 0.715169 0.561035 0.164062 0.147461
13 0.754232 0.552572 0.101562 0.162435
11 0.853516 0.631510 0.063802 0.219401
11 0.750814 0.551107 0.081706 0.168620
13 0.338216 0.295085 0.041016 0.044596
2 0.750814 0.551107 0.081706 0.168620
10 0.851400 0.713867 0.036133 0.059896
11 0.851400 0.713867 0.036133 0.059896
13 0.332520 0.292480 0.045898 0.054362
11 0.845540 0.630534 0.044596 0.098958
