6 0.779092 0.692806 0.140015 0.074530
10 0.087087 0.760693 0.058559 0.157809
10 0.089152 0.787265 0.055931 0.056060
11 0.247372 0.342839 0.269520 0.335062
4 0.783221 0.693940 0.165541 0.079391
4 0.287725 0.392417 0.310435 0.318211
13 0.201952 0.469378 0.187688 0.048931
7 0.262387 0.336034 0.259009 0.217758
4 0.357733 0.475697 0.139640 0.157485
13 0.281156 0.413966 0.331832 0.474725
6 0.287725 0.392417 0.310435 0.318211
6 0.281156 0.413966 0.331832 0.474725
11 0.115240 0.775762 0.100601 0.076474
7 0.281156 0.413966 0.331832 0.474725
10 0.115240 0.775762 0.100601 0.076474
11 0.087087 0.760693 0.058559 0.157809
3 0.517455 0.772359 0.447072 0.146792
0 0.571134 0.420771 0.140015 0.138367
6 0.790916 0.688756 0.148649 0.083279
0 0.573761 0.416073 0.128754 0.119248
11 0.089152 0.787265 0.055931 0.056060
