11 0.869262 0.845994 0.113111 0.132372
11 0.059677 0.914744 0.042967 0.075000
13 0.781124 0.604968 0.237973 0.206731
10 0.867426 0.833333 0.110173 0.097436
13 0.221080 0.438782 0.083731 0.045513
11 0.867426 0.833333 0.110173 0.097436
7 0.218509 0.431571 0.073448 0.042628
10 0.880095 0.848077 0.099523 0.132692
7 0.365406 0.507212 0.122659 0.215064
13 0.807749 0.584135 0.178847 0.133654
7 0.827763 0.430288 0.122659 0.141987
11 0.057106 0.911699 0.048843 0.052244
9 0.365406 0.507212 0.122659 0.215064
7 0.207675 0.434295 0.102461 0.066026
6 0.207675 0.434295 0.102461 0.066026
13 0.763863 0.521955 0.293059 0.288782
10 0.057106 0.911699 0.048843 0.052244
10 0.869262 0.845994 0.113111 0.132372
9 0.753764 0.501763 0.219978 0.320833
5 0.753764 0.501763 0.219978 0.320833
