11 0.672781 0.217200 0.183424 0.063200
13 0.342391 0.267600 0.189312 0.141600
11 0.674819 0.225200 0.154891 0.024800
1 0.680480 0.219400 0.175272 0.059600
8 0.771060 0.691800 0.282156 0.291600
13 0.720335 0.375600 0.217844 0.288000
13 0.730978 0.345600 0.224638 0.249600
8 0.319293 0.723000 0.020833 0.016400
11 0.327219 0.211000 0.064764 0.041200
13 0.384284 0.307200 0.169837 0.165600
13 0.700181 0.357400 0.184783 0.250800
7 0.720335 0.375600 0.217844 0.288000
11 0.428668 0.203200 0.070199 0.024800
