11 0.258952 0.494792 0.085612 0.343099
3 0.551270 0.589518 0.317383 0.099609
10 0.330729 0.625000 0.191406 0.114583
11 0.382812 0.148112 0.084635 0.014323
11 0.597982 0.132487 0.104167 0.029948
11 0.284017 0.618815 0.097982 0.165365
10 0.284017 0.618815 0.097982 0.165365
5 0.348470 0.373698 0.194336 0.444010
11 0.268555 0.603190 0.061198 0.098958
11 0.389323 0.143880 0.117839 0.032552
6 0.311198 0.267090 0.087240 0.075195
10 0.268555 0.603190 0.061198 0.098958
0 0.537760 0.303060 0.093750 0.117187
7 0.311198 0.267090 0.087240 0.075195
11 0.367513 0.171549 0.118490 0.047526
11 0.270833 0.462891 0.062500 0.313151
0 0.537109 0.307454 0.102865 0.143555
3 0.530111 0.561849 0.323242 0.165365
0 0.533366 0.308594 0.102539 0.118490
5 0.677246 0.479818 0.196289 0.326823
