10 0.792725 0.762600 0.032715 0.041200
10 0.802246 0.755600 0.039062 0.040000
10 0.048584 0.738400 0.047363 0.053600
11 0.792725 0.762600 0.032715 0.041200
9 0.225342 0.185000 0.069824 0.045200
11 0.195312 0.151800 0.068359 0.042000
13 0.176514 0.352800 0.105957 0.032000
11 0.688965 0.170800 0.068359 0.045600
10 0.052979 0.737200 0.041504 0.039200
11 0.048584 0.738400 0.047363 0.053600
13 0.225342 0.185000 0.069824 0.045200
11 0.052979 0.737200 0.041504 0.039200
6 0.154297 0.338000 0.075195 0.052000
11 0.802246 0.755600 0.039062 0.040000
13 0.232910 0.186600 0.065430 0.043600
13 0.169922 0.343400 0.123047 0.049200
9 0.232910 0.186600 0.065430 0.043600
