0 0.557292 0.359549 0.109375 0.129514
10 0.094835 0.800174 0.050781 0.059375
11 0.094835 0.800174 0.050781 0.059375
7 0.314670 0.321181 0.065104 0.194444
8 0.176432 0.764410 0.065538 0.044792
11 0.596354 0.187153 0.157118 0.057639
10 0.095052 0.810590 0.027778 0.044792
9 0.180773 0.765625 0.068142 0.038194
7 0.178819 0.763715 0.077257 0.041319
0 0.558160 0.360764 0.125000 0.117361
10 0.091580 0.803646 0.041667 0.057292
11 0.091580 0.803646 0.041667 0.057292
11 0.095052 0.810590 0.027778 0.044792
9 0.176432 0.764410 0.065538 0.044792
0 0.540148 0.357639 0.156684 0.115278
