13 0.319661 0.432292 0.133247 0.079861
13 0.323785 0.460590 0.171875 0.161458
13 0.276693 0.461285 0.225260 0.134375
11 0.617622 0.236458 0.085938 0.022917
9 0.323785 0.460590 0.171875 0.161458
11 0.311198 0.249479 0.128472 0.046181
11 0.921658 0.848264 0.053385 0.106944
13 0.736979 0.451910 0.044271 0.033681
11 0.910590 0.855903 0.040799 0.045833
10 0.921658 0.848264 0.053385 0.106944
13 0.702040 0.319792 0.164497 0.166667
13 0.687934 0.311285 0.118056 0.141319
13 0.682726 0.331424 0.144097 0.126736
