13 0.710667 0.337833 0.183333 0.195667
6 0.445833 0.295167 0.207667 0.167000
6 0.710667 0.337833 0.183333 0.195667
7 0.569333 0.330000 0.508000 0.288667
13 0.392667 0.333000 0.106667 0.122000
10 0.306667 0.797000 0.132000 0.122000
11 0.295667 0.781000 0.100000 0.072000
13 0.569333 0.330000 0.508000 0.288667
13 0.716833 0.320500 0.148333 0.101667
11 0.569333 0.330000 0.508000 0.288667
1 0.569333 0.330000 0.508000 0.288667
9 0.569333 0.330000 0.508000 0.288667
13 0.445833 0.295167 0.207667 0.167000
