3 0.551432 0.539931 0.429253 0.147222
13 0.763672 0.199826 0.023872 0.019792
3 0.560113 0.499653 0.409288 0.159028
3 0.552734 0.522222 0.434462 0.153472
8 0.662326 0.113715 0.026910 0.021181
0 0.623698 0.236285 0.131076 0.147569
0 0.611328 0.213889 0.152344 0.115972
13 0.738498 0.155556 0.020399 0.017361
8 0.664714 0.108333 0.029948 0.031250
8 0.738498 0.155556 0.020399 0.017361
0 0.634332 0.211458 0.101128 0.093056
8 0.659071 0.143924 0.033420 0.020486
8 0.763672 0.199826 0.023872 0.019792
11 0.171658 0.549306 0.059462 0.068750
8 0.742622 0.156076 0.032986 0.017708
11 0.409071 0.076389 0.082031 0.020139
8 0.663845 0.142882 0.042101 0.021875
7 0.438802 0.162500 0.098090 0.187500
11 0.666233 0.090451 0.114583 0.023958
13 0.662326 0.113715 0.026910 0.021181
13 0.733073 0.172569 0.177083 0.141667
11 0.169488 0.538194 0.076823 0.083333
2 0.733073 0.172569 0.177083 0.141667
13 0.659071 0.143924 0.033420 0.020486
