8 0.268229 0.538194 0.025174 0.018056
8 0.237847 0.388194 0.022569 0.018056
8 0.310764 0.369444 0.019965 0.021528
13 0.327908 0.321701 0.259115 0.162153
11 0.865885 0.820660 0.082465 0.115625
10 0.878255 0.816667 0.058594 0.069444
11 0.878255 0.816667 0.058594 0.069444
8 0.246962 0.360417 0.019965 0.013889
11 0.705078 0.223264 0.134983 0.095139
13 0.339410 0.323264 0.259549 0.182639
13 0.708550 0.289410 0.196615 0.151042
13 0.706597 0.336979 0.229167 0.320486
13 0.335503 0.429167 0.257812 0.395833
13 0.777778 0.336979 0.091146 0.050347
