11 0.396985 0.126763 0.145272 0.096003
2 0.202376 0.565831 0.159890 0.159091
13 0.336912 0.260384 0.243490 0.268417
9 0.723161 0.783503 0.419370 0.204154
2 0.819781 0.365596 0.132937 0.157524
11 0.317725 0.215713 0.269073 0.342085
11 0.336912 0.260384 0.243490 0.268417
9 0.238922 0.703370 0.295112 0.112853
9 0.227501 0.743534 0.414801 0.222179
2 0.831887 0.360893 0.105071 0.088558
9 0.236409 0.768221 0.329374 0.254310
2 0.150297 0.501959 0.033805 0.032132
6 0.317725 0.215713 0.269073 0.342085
2 0.794884 0.382837 0.184559 0.152821
13 0.819781 0.365596 0.132937 0.157524
13 0.338739 0.232367 0.187757 0.179467
