10 0.891078 0.675037 0.052989 0.088170
0 0.592844 0.386347 0.134964 0.138021
0 0.597826 0.385603 0.135870 0.138765
11 0.891078 0.675037 0.052989 0.088170
4 0.275362 0.466146 0.189312 0.140625
8 0.275362 0.466146 0.189312 0.140625
9 0.779665 0.740699 0.310236 0.119048
8 0.271966 0.476376 0.199728 0.138021
3 0.576540 0.676525 0.457428 0.132812
7 0.271966 0.476376 0.199728 0.138021
8 0.284873 0.474330 0.175725 0.139137
7 0.275362 0.466146 0.189312 0.140625
0 0.591259 0.389137 0.137228 0.133185
4 0.271966 0.476376 0.199728 0.138021
