9 0.753576 0.431446 0.183583 0.310537
8 0.296662 0.356839 0.205722 0.097840
2 0.819993 0.435046 0.026226 0.084097
6 0.304837 0.330170 0.243188 0.164921
2 0.748297 0.427029 0.187330 0.349476
13 0.748297 0.427029 0.187330 0.349476
11 0.336683 0.223004 0.216962 0.086715
11 0.358140 0.205988 0.209469 0.143652
8 0.276226 0.348495 0.042916 0.039267
1 0.318971 0.215969 0.201294 0.098168
13 0.753576 0.431446 0.183583 0.310537
13 0.296662 0.356839 0.205722 0.097840
8 0.753576 0.431446 0.183583 0.310537
2 0.756812 0.450916 0.169619 0.397251
9 0.296662 0.356839 0.205722 0.097840
9 0.276226 0.348495 0.042916 0.039267
13 0.304837 0.330170 0.243188 0.164921
2 0.309775 0.339005 0.245572 0.184555
13 0.756812 0.450916 0.169619 0.397251
