9 0.124912 0.253497 0.137773 0.244638
11 0.151339 0.593876 0.062368 0.084240
9 0.283474 0.152471 0.010923 0.018962
9 0.283474 0.150762 0.015152 0.023624
0 0.539112 0.318309 0.123326 0.164750
7 0.344257 0.413429 0.113460 0.240597
4 0.218288 0.431458 0.160324 0.250544
10 0.151339 0.593876 0.062368 0.084240
8 0.344257 0.413429 0.113460 0.240597
9 0.073115 0.602891 0.068710 0.327324
9 0.332276 0.342711 0.032417 0.027666
7 0.255638 0.442338 0.209655 0.259248
9 0.055144 0.716972 0.034884 0.088592
9 0.136892 0.258471 0.104651 0.189307
9 0.089147 0.560926 0.024665 0.235312
9 0.093376 0.569786 0.044397 0.234380
1 0.182523 0.435654 0.109232 0.201119
7 0.218288 0.431458 0.160324 0.250544
9 0.442037 0.226453 0.134249 0.230961
