11 0.646250 0.165594 0.129643 0.029105
11 0.354286 0.157016 0.085000 0.016850
0 0.565893 0.309283 0.122500 0.096507
11 0.603571 0.165135 0.110000 0.057598
11 0.368750 0.170343 0.138929 0.045343
13 0.606607 0.206801 0.019643 0.043505
13 0.379464 0.187653 0.087500 0.028493
11 0.356964 0.162837 0.143214 0.020527
0 0.565536 0.319393 0.101786 0.115502
13 0.611250 0.190870 0.057500 0.058824
13 0.369464 0.186428 0.031071 0.046875
0 0.573036 0.308824 0.093929 0.079657
11 0.621964 0.163603 0.138214 0.018995
