0 0.578917 0.424465 0.131915 0.123663
10 0.155706 0.733122 0.138104 0.110628
11 0.904255 0.878342 0.070019 0.146390
10 0.235010 0.777072 0.309091 0.163102
7 0.319149 0.679646 0.206576 0.169452
7 0.296325 0.700702 0.190329 0.146725
13 0.748743 0.421959 0.023598 0.023061
10 0.234816 0.752841 0.352031 0.304479
13 0.277176 0.295789 0.137331 0.028743
11 0.155706 0.733122 0.138104 0.110628
13 0.190329 0.708723 0.152418 0.029746
7 0.309865 0.701370 0.263056 0.250334
10 0.904255 0.878342 0.070019 0.146390
