13 0.304415 0.229181 0.177042 0.132082
13 0.728918 0.240102 0.178366 0.163481
2 0.177042 0.358874 0.045033 0.028328
13 0.812804 0.621331 0.216336 0.203754
2 0.690508 0.185666 0.050331 0.041638
2 0.180353 0.361945 0.033996 0.018771
13 0.879691 0.643857 0.089625 0.027645
8 0.272627 0.255119 0.067550 0.048805
13 0.717881 0.232253 0.170419 0.241980
2 0.728918 0.240102 0.178366 0.163481
2 0.717881 0.232253 0.170419 0.241980
13 0.848565 0.669113 0.150110 0.115017
2 0.304415 0.229181 0.177042 0.132082
