11 0.879762 0.737632 0.157143 0.107190
13 0.822619 0.392975 0.176190 0.074208
13 0.390873 0.473120 0.300794 0.663918
10 0.377183 0.745218 0.053571 0.000989
13 0.368452 0.635554 0.296429 0.197889
5 0.809524 0.429090 0.248413 0.566623
10 0.382738 0.728727 0.317857 0.158641
5 0.390873 0.473120 0.300794 0.663918
2 0.677579 0.353067 0.051190 0.055079
6 0.390873 0.473120 0.300794 0.663918
5 0.374008 0.386708 0.176587 0.165897
13 0.784127 0.474439 0.286508 0.652045
11 0.371627 0.761214 0.308333 0.122032
13 0.843056 0.513522 0.137698 0.105541
2 0.682937 0.351088 0.042063 0.058377
13 0.817262 0.340369 0.201984 0.188654
6 0.784127 0.474439 0.286508 0.652045
13 0.373413 0.565139 0.306349 0.255607
5 0.784127 0.474439 0.286508 0.652045
10 0.371627 0.761214 0.308333 0.122032
