0 0.594889 0.318197 0.118164 0.127279
13 0.367188 0.273438 0.133464 0.157552
1 0.677083 0.288249 0.128255 0.189128
13 0.690430 0.358236 0.200521 0.243164
11 0.723796 0.226074 0.097982 0.100586
7 0.608073 0.239909 0.095703 0.166667
1 0.690430 0.358236 0.200521 0.243164
7 0.690430 0.358236 0.200521 0.243164
11 0.666178 0.218750 0.207357 0.105469
13 0.677083 0.288249 0.128255 0.189128
13 0.337565 0.233724 0.039062 0.039062
11 0.732096 0.237630 0.089844 0.092448
11 0.602214 0.284831 0.072266 0.210286
13 0.714518 0.299479 0.162760 0.184245
13 0.305827 0.271973 0.101888 0.124674
