11 0.799572 0.789321 0.058140 0.057834
13 0.316554 0.640606 0.130049 0.136169
11 0.802020 0.680998 0.070991 0.133109
13 0.358476 0.595318 0.169217 0.198592
11 0.801867 0.784425 0.043146 0.077417
7 0.322674 0.620410 0.156365 0.179621
7 0.358476 0.595318 0.169217 0.198592
7 0.788250 0.688494 0.054468 0.097307
13 0.322674 0.620410 0.156365 0.179621
10 0.801867 0.784425 0.043146 0.077417
11 0.369339 0.119339 0.083843 0.033660
0 0.563494 0.306151 0.097613 0.131885
11 0.797736 0.774633 0.047736 0.058446
10 0.799572 0.789321 0.058140 0.057834
11 0.802020 0.676561 0.054468 0.124847
0 0.560741 0.305386 0.098837 0.133415
