6 0.264247 0.395148 0.246269 0.285145
6 0.290706 0.363077 0.243555 0.363244
6 0.728290 0.397640 0.179783 0.137920
13 0.264247 0.395148 0.246269 0.285145
6 0.636364 0.156364 0.076662 0.079428
7 0.659091 0.161848 0.067164 0.049850
0 0.551221 0.301097 0.101085 0.097707
10 0.857531 0.845131 0.058345 0.103024
7 0.728290 0.397640 0.179783 0.137920
11 0.857531 0.845131 0.058345 0.103024
11 0.848372 0.842473 0.076662 0.128282
6 0.716248 0.393486 0.194369 0.172815
7 0.278664 0.410934 0.228969 0.233632
13 0.723711 0.386175 0.196404 0.171486
13 0.290706 0.363077 0.243555 0.363244
6 0.278664 0.410934 0.228969 0.233632
13 0.716248 0.393486 0.194369 0.172815
4 0.264247 0.395148 0.246269 0.285145
13 0.659091 0.161848 0.067164 0.049850
10 0.848372 0.842473 0.076662 0.128282
