10 0.076415 0.799279 0.041509 0.053686
13 0.740330 0.314103 0.210849 0.197115
7 0.282075 0.489984 0.153774 0.225962
11 0.757311 0.173478 0.087264 0.056090
4 0.263679 0.387019 0.277358 0.427885
7 0.323821 0.256010 0.126887 0.150641
0 0.583491 0.343149 0.140566 0.159054
4 0.255189 0.305489 0.267925 0.240785
4 0.323821 0.256010 0.126887 0.150641
7 0.271698 0.497396 0.177358 0.227163
11 0.076415 0.799279 0.041509 0.053686
8 0.323821 0.256010 0.126887 0.150641
7 0.255189 0.305489 0.267925 0.240785
7 0.215094 0.351562 0.166981 0.188702
7 0.263679 0.387019 0.277358 0.427885
9 0.727830 0.297476 0.163208 0.121394
4 0.215094 0.351562 0.166981 0.188702
6 0.271698 0.497396 0.177358 0.227163
13 0.727830 0.297476 0.163208 0.121394
