0 0.512370 0.313368 0.129774 0.119792
11 0.289931 0.186632 0.189236 0.035764
1 0.257812 0.342361 0.258681 0.329861
10 0.079861 0.681771 0.051215 0.085764
10 0.089410 0.687500 0.050347 0.062500
4 0.267144 0.341493 0.322483 0.337847
11 0.079861 0.681771 0.051215 0.085764
11 0.842665 0.716319 0.049913 0.117361
11 0.078559 0.681424 0.055556 0.048958
0 0.547092 0.304688 0.120226 0.101042
11 0.280599 0.343229 0.256510 0.380208
9 0.339410 0.577778 0.221354 0.214583
4 0.257812 0.342361 0.258681 0.329861
10 0.078559 0.681424 0.055556 0.048958
11 0.089410 0.687500 0.050347 0.062500
7 0.280599 0.343229 0.256510 0.380208
0 0.528646 0.326562 0.129340 0.132986
7 0.267144 0.341493 0.322483 0.337847
