11 0.666178 0.160319 0.053711 0.041341
10 0.836914 0.728678 0.037760 0.051758
11 0.836914 0.728678 0.037760 0.051758
0 0.550130 0.290365 0.087891 0.088542
3 0.580078 0.590983 0.347656 0.163086
0 0.544596 0.302572 0.090495 0.121419
5 0.343262 0.422201 0.163086 0.427083
11 0.386882 0.163900 0.167643 0.050456
10 0.281413 0.780924 0.041341 0.061849
5 0.693522 0.439128 0.206706 0.465495
11 0.281413 0.780924 0.041341 0.061849
3 0.586426 0.621419 0.360352 0.126302
11 0.392741 0.153320 0.118815 0.035156
3 0.582682 0.598145 0.352214 0.151367
