2 0.367527 0.345610 0.206975 0.224702
2 0.822690 0.463728 0.112772 0.099330
7 0.424819 0.282180 0.098732 0.075521
8 0.793478 0.532738 0.027174 0.022321
13 0.813406 0.472842 0.138587 0.131696
8 0.834466 0.460193 0.060236 0.037946
8 0.819746 0.418527 0.027174 0.021577
13 0.822690 0.463728 0.112772 0.099330
11 0.835598 0.847284 0.044384 0.028646
13 0.344882 0.362537 0.168931 0.245164
8 0.449502 0.496652 0.055707 0.043155
8 0.892889 0.655878 0.063859 0.031250
13 0.367527 0.345610 0.206975 0.224702
8 0.900136 0.660342 0.041214 0.023065
8 0.379303 0.349516 0.082880 0.044271
8 0.801178 0.488095 0.084239 0.052083
8 0.309330 0.377604 0.050725 0.052083
