10 0.069739 0.744521 0.084459 0.153815
10 0.092423 0.765219 0.086390 0.075893
13 0.295367 0.413961 0.096525 0.023539
11 0.167230 0.532873 0.194498 0.206981
11 0.069739 0.744521 0.084459 0.153815
7 0.167230 0.532873 0.194498 0.206981
7 0.196911 0.339083 0.152510 0.144886
11 0.089527 0.755276 0.080598 0.073052
0 0.570946 0.301745 0.125483 0.086445
4 0.196429 0.375609 0.138031 0.157062
11 0.263272 0.308239 0.277510 0.239042
11 0.092423 0.765219 0.086390 0.075893
2 0.263272 0.308239 0.277510 0.239042
10 0.089527 0.755276 0.080598 0.073052
0 0.566844 0.306412 0.133687 0.098214
