6 0.732310 0.381415 0.126333 0.152445
13 0.696769 0.319314 0.164459 0.187367
4 0.638126 0.218646 0.197092 0.163984
6 0.722456 0.326450 0.112439 0.170665
11 0.120032 0.814759 0.044265 0.055876
6 0.327625 0.208321 0.090468 0.085636
13 0.325687 0.211509 0.146688 0.106590
10 0.120032 0.814759 0.044265 0.055876
11 0.124071 0.834953 0.041357 0.042818
1 0.638126 0.218646 0.197092 0.163984
13 0.307270 0.205284 0.144750 0.070452
6 0.696769 0.319314 0.164459 0.187367
11 0.628918 0.191011 0.179968 0.111752
6 0.325687 0.211509 0.146688 0.106590
7 0.722456 0.326450 0.112439 0.170665
6 0.307270 0.205284 0.144750 0.070452
11 0.120840 0.831005 0.050404 0.062861
