7 0.767761 0.505859 0.156924 0.287109
0 0.551484 0.363770 0.151529 0.114258
11 0.316547 0.155436 0.116007 0.023112
0 0.548561 0.381836 0.153777 0.145182
9 0.189973 0.605469 0.145234 0.128255
7 0.147707 0.437174 0.074191 0.111328
13 0.214254 0.535807 0.136241 0.141927
11 0.317446 0.151693 0.100719 0.024089
7 0.161871 0.437174 0.100719 0.091146
7 0.193121 0.592448 0.156025 0.165365
7 0.774281 0.524251 0.125899 0.297201
0 0.485836 0.424479 0.283723 0.242187
9 0.161871 0.437174 0.100719 0.091146
13 0.206385 0.527344 0.125899 0.135417
11 0.224820 0.761230 0.205036 0.053711
7 0.382644 0.302734 0.086331 0.184245
11 0.221223 0.529622 0.262590 0.306641
11 0.764838 0.519043 0.156475 0.299154
2 0.224820 0.761230 0.205036 0.053711
7 0.189973 0.605469 0.145234 0.128255
