0 0.562934 0.445660 0.105903 0.157292
5 0.281684 0.473264 0.288194 0.460417
11 0.118490 0.826910 0.045139 0.104514
9 0.344618 0.480729 0.129340 0.099653
13 0.685981 0.318229 0.236545 0.180903
11 0.810981 0.897049 0.036024 0.055903
13 0.701823 0.401042 0.237847 0.250000
11 0.278429 0.259549 0.128906 0.055903
11 0.110894 0.855208 0.031684 0.044444
13 0.310547 0.361458 0.234809 0.223611
5 0.686632 0.511806 0.277778 0.529861
9 0.229384 0.799306 0.230469 0.111111
13 0.278646 0.382986 0.272569 0.263194
11 0.775174 0.312847 0.057292 0.061806
