8 0.813854 0.669640 0.065795 0.039247
9 0.434205 0.368959 0.089497 0.131366
7 0.414998 0.414856 0.140172 0.269218
13 0.790764 0.523354 0.133224 0.096335
8 0.331426 0.687804 0.061300 0.047681
13 0.866367 0.683425 0.055578 0.048005
11 0.341847 0.162342 0.145893 0.024327
8 0.812423 0.666234 0.066204 0.037626
8 0.209849 0.658774 0.053535 0.033085
5 0.233756 0.601849 0.301594 0.307817
7 0.256028 0.484755 0.394360 0.589361
13 0.873314 0.686669 0.065386 0.040221
13 0.768901 0.558709 0.176951 0.144989
7 0.233756 0.601849 0.301594 0.307817
8 0.414998 0.414856 0.140172 0.269218
8 0.815693 0.669640 0.073559 0.052222
8 0.194933 0.535680 0.043318 0.028868
10 0.200450 0.825981 0.295464 0.105417
8 0.434205 0.368959 0.089497 0.131366
13 0.779322 0.539410 0.151206 0.104444
8 0.194524 0.537788 0.038414 0.029192
11 0.747242 0.167856 0.119738 0.036004
8 0.321618 0.649205 0.062934 0.056763
