11 0.331543 0.546712 0.030273 0.072591
5 0.428385 0.316243 0.187500 0.422852
0 0.609701 0.241699 0.082031 0.080404
7 0.435221 0.500488 0.141276 0.043294
3 0.624186 0.486003 0.272461 0.122396
3 0.619303 0.501628 0.264648 0.127604
10 0.331543 0.546712 0.030273 0.072591
0 0.603678 0.244792 0.101237 0.093750
4 0.429525 0.504069 0.125977 0.041341
5 0.418132 0.314128 0.172201 0.397786
3 0.624674 0.491211 0.259766 0.112630
0 0.614746 0.252279 0.075846 0.103516
5 0.712891 0.295410 0.138021 0.295247
7 0.417643 0.503581 0.108724 0.051432
5 0.707520 0.310710 0.158529 0.363607
