4 0.334639 0.620053 0.166265 0.119110
10 0.264157 0.651150 0.142771 0.208443
6 0.316265 0.307765 0.080120 0.190351
0 0.561446 0.388805 0.090964 0.106672
3 0.570030 0.689031 0.361747 0.183189
10 0.228012 0.688089 0.101807 0.100641
11 0.291867 0.340558 0.178916 0.404448
11 0.228012 0.688089 0.101807 0.100641
3 0.565663 0.708632 0.374699 0.147003
13 0.360693 0.444591 0.118373 0.068979
10 0.293825 0.665285 0.206325 0.323407
4 0.339759 0.600641 0.157229 0.140596
0 0.559036 0.395213 0.090361 0.120241
7 0.334639 0.620053 0.166265 0.119110
6 0.324096 0.527893 0.130120 0.206182
9 0.238253 0.499812 0.096988 0.280437
