13 0.241345 0.339613 0.217794 0.240826
13 0.246176 0.314384 0.250805 0.204784
11 0.347625 0.122379 0.104267 0.015400
13 0.384259 0.161370 0.129227 0.082896
7 0.830314 0.533421 0.147746 0.153342
11 0.278986 0.711337 0.024960 0.024902
11 0.045089 0.842398 0.053140 0.064875
11 0.801731 0.790957 0.053543 0.053080
13 0.245974 0.309305 0.227858 0.197248
5 0.826691 0.515072 0.151771 0.220839
8 0.846820 0.284240 0.039050 0.036370
11 0.117552 0.789974 0.059581 0.039974
8 0.634259 0.395315 0.108293 0.067169
11 0.055958 0.860911 0.062802 0.078309
13 0.349638 0.154161 0.192834 0.068480
13 0.388486 0.159567 0.115942 0.073394
11 0.077093 0.838794 0.099436 0.096986
13 0.817230 0.539974 0.104670 0.141547
10 0.055958 0.860911 0.062802 0.078309
