8 0.624349 0.345660 0.017795 0.017708
2 0.754774 0.690104 0.106771 0.040625
8 0.701389 0.376389 0.013021 0.009028
8 0.611328 0.425521 0.017795 0.013542
2 0.768663 0.495486 0.083333 0.038889
2 0.735243 0.696701 0.074653 0.049653
2 0.716146 0.317535 0.200521 0.120486
2 0.759332 0.522222 0.068142 0.096528
8 0.735243 0.693576 0.026910 0.023264
8 0.710286 0.327604 0.014323 0.010764
2 0.715929 0.325521 0.230469 0.139931
13 0.716146 0.317535 0.200521 0.120486
8 0.785373 0.348611 0.016927 0.010417
8 0.751519 0.393924 0.016059 0.007986
8 0.766710 0.491840 0.018663 0.014236
8 0.697700 0.275347 0.018663 0.015278
