11 0.377295 0.114596 0.128519 0.043758
13 0.388158 0.189412 0.174113 0.126071
6 0.388158 0.189412 0.174113 0.126071
13 0.693084 0.207466 0.236230 0.204406
0 0.570991 0.219094 0.097919 0.090575
11 0.608323 0.100520 0.099755 0.046818
13 0.671359 0.226438 0.236842 0.244186
11 0.612760 0.106640 0.120257 0.040086
0 0.574204 0.222919 0.095777 0.106793
11 0.368880 0.120257 0.114749 0.033660
13 0.372246 0.221236 0.094553 0.197062
13 0.700887 0.218329 0.218176 0.214504
6 0.671359 0.226438 0.236842 0.244186
13 0.365667 0.210220 0.165851 0.196450
