10 0.863284 0.745637 0.048626 0.110395
13 0.260395 0.322838 0.060606 0.042489
11 0.314130 0.119120 0.054616 0.022762
10 0.254933 0.606032 0.352008 0.269727
11 0.862579 0.761381 0.045807 0.052352
7 0.256342 0.322648 0.056025 0.037557
7 0.283122 0.522951 0.274489 0.161229
10 0.262156 0.550266 0.294574 0.475341
10 0.866455 0.756259 0.062720 0.095220
10 0.862579 0.761381 0.045807 0.052352
7 0.273432 0.535091 0.305849 0.166540
7 0.287526 0.498483 0.286822 0.235964
11 0.866455 0.756259 0.062720 0.095220
11 0.863284 0.745637 0.048626 0.110395
10 0.257047 0.602997 0.334390 0.297800
