8 0.285994 0.685547 0.104419 0.093750
13 0.382929 0.340820 0.102994 0.162760
0 0.614041 0.358561 0.111903 0.147461
9 0.382929 0.340820 0.102994 0.162760
0 0.601924 0.329264 0.117605 0.094727
10 0.216500 0.842122 0.051675 0.041016
13 0.285994 0.685547 0.104419 0.093750
6 0.299002 0.689453 0.156807 0.140625
11 0.216500 0.842122 0.051675 0.041016
8 0.349430 0.559896 0.027441 0.022135
10 0.213115 0.847982 0.039914 0.049479
6 0.285994 0.685547 0.104419 0.093750
8 0.347648 0.560059 0.021026 0.020508
5 0.280649 0.674642 0.140057 0.093424
11 0.213115 0.847982 0.039914 0.049479
