10 0.121850 0.676595 0.057087 0.052409
11 0.350787 0.167155 0.154331 0.027669
13 0.671654 0.247721 0.067717 0.196615
7 0.350787 0.167155 0.154331 0.027669
0 0.593110 0.265788 0.112992 0.138346
11 0.121850 0.676595 0.057087 0.052409
13 0.399606 0.162435 0.051181 0.040365
11 0.370669 0.160156 0.245276 0.078125
13 0.661417 0.224447 0.044094 0.170898
3 0.630118 0.588867 0.431102 0.134766
11 0.732677 0.147624 0.213386 0.077148
7 0.399606 0.162435 0.051181 0.040365
13 0.678150 0.247396 0.075197 0.239583
11 0.796063 0.163411 0.074016 0.054036
