10 0.064031 0.828457 0.112755 0.122340
10 0.070663 0.864362 0.090306 0.075355
11 0.320918 0.093750 0.134694 0.043883
10 0.078316 0.817819 0.095408 0.084220
11 0.695918 0.101950 0.143878 0.047872
11 0.315816 0.089982 0.127551 0.040780
10 0.878061 0.863032 0.053061 0.052305
11 0.064031 0.828457 0.112755 0.122340
11 0.312755 0.093307 0.104082 0.043883
11 0.858163 0.859707 0.083673 0.091755
10 0.872449 0.849734 0.060204 0.065603
11 0.070663 0.864362 0.090306 0.075355
11 0.078316 0.817819 0.095408 0.084220
11 0.687500 0.102172 0.154592 0.046543
11 0.878061 0.863032 0.053061 0.052305
10 0.858163 0.859707 0.083673 0.091755
11 0.872449 0.849734 0.060204 0.065603
