7 0.433716 0.320769 0.110299 0.158820
9 0.444676 0.555721 0.016701 0.013707
10 0.752436 0.549166 0.202157 0.198451
11 0.599513 0.177890 0.096729 0.028010
11 0.206159 0.593415 0.053932 0.103993
9 0.518615 0.351013 0.282881 0.206794
9 0.510264 0.619190 0.174322 0.637664
0 0.571329 0.314064 0.123173 0.115018
10 0.746521 0.497169 0.207029 0.113528
10 0.206159 0.593415 0.053932 0.103993
8 0.444676 0.555721 0.016701 0.013707
9 0.437370 0.414482 0.151009 0.353993
10 0.749478 0.526520 0.223382 0.113826
