11 0.371705 0.167370 0.131008 0.044304
3 0.555814 0.692511 0.407752 0.181083
13 0.711240 0.317335 0.113178 0.142405
13 0.197287 0.374648 0.045736 0.036217
0 0.582752 0.366210 0.146124 0.172644
11 0.772287 0.768108 0.055426 0.055907
11 0.775969 0.783052 0.092248 0.039381
0 0.591279 0.356716 0.115891 0.142405
13 0.657752 0.193917 0.027907 0.024965
13 0.722674 0.295710 0.101938 0.097750
3 0.565116 0.694093 0.392248 0.175809
8 0.279651 0.304149 0.023643 0.020394
0 0.572674 0.347398 0.153876 0.142053
13 0.268992 0.294655 0.057364 0.048523
8 0.314922 0.350563 0.015116 0.011252
13 0.661047 0.186181 0.024419 0.032700
13 0.319380 0.228024 0.032558 0.034107
9 0.224225 0.750000 0.101938 0.056259
9 0.775969 0.783052 0.092248 0.039381
2 0.281202 0.305204 0.019767 0.021097
