13 0.223524 0.241146 0.143229 0.154514
13 0.214410 0.197917 0.083333 0.076389
11 0.053602 0.675000 0.042969 0.038194
13 0.209418 0.336806 0.175781 0.094444
13 0.218533 0.345660 0.181858 0.102431
0 0.468099 0.322743 0.133247 0.130208
13 0.714193 0.328819 0.087240 0.031944
1 0.218750 0.325694 0.151042 0.076389
1 0.218533 0.345660 0.181858 0.102431
0 0.473741 0.319965 0.142795 0.144097
0 0.483507 0.313021 0.126736 0.119097
13 0.721571 0.329167 0.082899 0.034028
10 0.053602 0.675000 0.042969 0.038194
