2 0.830078 0.436285 0.050781 0.047569
8 0.202257 0.453472 0.217882 0.315972
8 0.159071 0.467535 0.131510 0.279514
8 0.822049 0.401389 0.151910 0.132639
11 0.680556 0.116493 0.078125 0.017708
2 0.202257 0.369618 0.036458 0.046875
11 0.903212 0.620660 0.048611 0.060764
2 0.133030 0.597569 0.069010 0.036111
2 0.151476 0.473958 0.056424 0.051389
0 0.584852 0.265278 0.137587 0.093056
8 0.795356 0.407292 0.226997 0.219444
10 0.903212 0.620660 0.048611 0.060764
3 0.636936 0.547396 0.419705 0.102431
0 0.603082 0.300174 0.105469 0.144792
2 0.736762 0.370660 0.082899 0.070486
