13 0.340157 0.130208 0.121260 0.026042
11 0.207480 0.191243 0.040945 0.035482
9 0.217520 0.328125 0.101969 0.142578
7 0.727362 0.283691 0.120866 0.162435
6 0.217520 0.328125 0.101969 0.142578
10 0.112402 0.726400 0.035039 0.051107
7 0.223031 0.336100 0.115354 0.149414
0 0.539961 0.340332 0.112992 0.112305
11 0.666339 0.120117 0.120079 0.027995
11 0.340157 0.130208 0.121260 0.026042
11 0.293504 0.159342 0.190157 0.086263
5 0.227362 0.424967 0.131102 0.259440
0 0.542913 0.324056 0.111811 0.078451
13 0.223031 0.336100 0.115354 0.149414
13 0.727362 0.283691 0.120866 0.162435
11 0.112402 0.726400 0.035039 0.051107
13 0.217520 0.328125 0.101969 0.142578
11 0.694685 0.116699 0.101969 0.043294
5 0.735630 0.329427 0.124016 0.192057
