8 0.643214 0.356625 0.116429 0.176802
8 0.250714 0.530407 0.035000 0.032219
8 0.653393 0.389448 0.101071 0.128876
8 0.358036 0.728756 0.076071 0.072090
8 0.405893 0.496778 0.086786 0.124446
4 0.643214 0.356625 0.116429 0.176802
7 0.653393 0.389448 0.101071 0.128876
7 0.804107 0.798631 0.084643 0.235199
9 0.409821 0.506041 0.096786 0.127668
8 0.657321 0.385018 0.098214 0.137737
7 0.248214 0.531212 0.032857 0.025775
3 0.577500 0.720097 0.356429 0.196536
8 0.409821 0.506041 0.096786 0.127668
8 0.253393 0.528594 0.033929 0.034233
3 0.580536 0.703182 0.372500 0.203786
