5 0.250651 0.434375 0.240885 0.190278
6 0.250651 0.434375 0.240885 0.190278
11 0.771050 0.574306 0.077691 0.080556
10 0.179470 0.536458 0.123698 0.072222
10 0.212891 0.545312 0.225260 0.141319
9 0.469184 0.384201 0.643229 0.465625
5 0.684679 0.384201 0.219184 0.327431
10 0.761285 0.575347 0.084201 0.099306
3 0.551432 0.503299 0.351997 0.137153
3 0.498047 0.506076 0.442274 0.156597
5 0.270182 0.364931 0.251302 0.303472
5 0.710503 0.403993 0.173611 0.181597
10 0.771050 0.574306 0.077691 0.080556
6 0.710503 0.403993 0.173611 0.181597
10 0.170573 0.526736 0.094618 0.109722
10 0.756727 0.555556 0.099392 0.138889
0 0.540148 0.295139 0.079427 0.075000
