0 0.567220 0.306641 0.098633 0.125651
10 0.255046 0.600098 0.069336 0.075195
11 0.364258 0.170736 0.083333 0.052409
3 0.590983 0.511230 0.325846 0.116211
0 0.564290 0.280111 0.088867 0.070638
3 0.588379 0.529948 0.328451 0.102865
11 0.246582 0.613770 0.043945 0.099284
11 0.789551 0.491374 0.025065 0.087565
3 0.589844 0.523763 0.306641 0.082031
11 0.255046 0.600098 0.069336 0.075195
11 0.374512 0.173503 0.090820 0.059245
0 0.569173 0.289225 0.087565 0.091471
11 0.673014 0.185547 0.055664 0.050130
