4 0.751736 0.649479 0.225694 0.239236
8 0.707031 0.640799 0.194444 0.176736
8 0.689887 0.318056 0.115885 0.082639
8 0.309679 0.289236 0.017795 0.019444
13 0.303385 0.407639 0.184896 0.168750
8 0.722439 0.455729 0.032552 0.024653
13 0.271484 0.392535 0.111545 0.088542
2 0.274089 0.391493 0.105469 0.087153
7 0.751736 0.649479 0.225694 0.239236
8 0.719835 0.454514 0.035156 0.020833
8 0.615234 0.762500 0.200955 0.155556
8 0.338976 0.321007 0.042535 0.032292
11 0.796658 0.421528 0.078559 0.100694
8 0.788411 0.417187 0.063802 0.076736
8 0.733507 0.631076 0.177083 0.196875
8 0.312934 0.287847 0.026042 0.020833
2 0.303385 0.407639 0.184896 0.168750
8 0.308811 0.458507 0.043837 0.035069
8 0.704427 0.312674 0.127604 0.092708
7 0.708116 0.311806 0.161024 0.114583
7 0.733507 0.631076 0.177083 0.196875
7 0.796658 0.421528 0.078559 0.100694
13 0.353733 0.665799 0.098958 0.127431
8 0.790148 0.421354 0.064670 0.081597
8 0.723524 0.456424 0.033854 0.026736
10 0.796658 0.421528 0.078559 0.100694
