11 0.083496 0.751600 0.072266 0.075200
13 0.909180 0.579000 0.072266 0.012400
10 0.087402 0.769000 0.069336 0.046000
0 0.560547 0.239200 0.131836 0.089600
10 0.944824 0.725200 0.045898 0.056800
0 0.565186 0.263400 0.126465 0.162800
9 0.246338 0.682000 0.318848 0.159200
13 0.912109 0.579400 0.060547 0.017200
11 0.952148 0.735400 0.051758 0.057200
11 0.087402 0.769000 0.069336 0.046000
11 0.944824 0.725200 0.045898 0.056800
13 0.890381 0.584600 0.117676 0.035600
10 0.083496 0.751600 0.072266 0.075200
10 0.952148 0.735400 0.051758 0.057200
