6 0.302507 0.395331 0.253185 0.143969
13 0.302507 0.395331 0.253185 0.143969
6 0.729552 0.208949 0.248253 0.183658
8 0.749281 0.227237 0.244143 0.182879
13 0.749281 0.227237 0.244143 0.182879
7 0.729552 0.208949 0.248253 0.183658
4 0.315043 0.386770 0.227291 0.175097
7 0.302507 0.395331 0.253185 0.143969
8 0.758940 0.398638 0.073572 0.054864
13 0.775586 0.191051 0.139745 0.126070
6 0.237361 0.402140 0.155775 0.159144
8 0.751130 0.445331 0.072750 0.149805
13 0.729552 0.208949 0.248253 0.183658
8 0.758323 0.437938 0.101110 0.117121
