8 0.550385 0.537623 0.077692 0.055590
8 0.682885 0.315111 0.027308 0.025799
8 0.146923 0.464220 0.052308 0.025491
9 0.195385 0.858262 0.122308 0.097359
8 0.191731 0.860719 0.126538 0.094287
8 0.829808 0.619472 0.041923 0.039926
8 0.273654 0.592598 0.038846 0.029791
8 0.195962 0.856265 0.125769 0.093980
8 0.235769 0.623004 0.044615 0.028563
8 0.230962 0.621929 0.041923 0.031941
7 0.195385 0.858262 0.122308 0.097359
8 0.787308 0.387439 0.055385 0.042690
8 0.785769 0.387439 0.060769 0.045147
8 0.253462 0.411241 0.062308 0.046069
8 0.831538 0.619318 0.039231 0.029791
8 0.232308 0.616093 0.042308 0.029484
8 0.276923 0.593059 0.052308 0.027641
0 0.547885 0.416308 0.175769 0.159398
8 0.783846 0.387899 0.066154 0.047912
8 0.828846 0.619932 0.038462 0.031020
8 0.248654 0.347819 0.035000 0.028563
8 0.146154 0.462070 0.053846 0.035934
0 0.562115 0.415387 0.162692 0.157555
0 0.564808 0.394195 0.131154 0.110258
8 0.249423 0.412930 0.074231 0.040233
8 0.145769 0.461302 0.050000 0.038698
7 0.195962 0.856265 0.125769 0.093980
8 0.245000 0.340448 0.046923 0.032862
8 0.252885 0.413237 0.063462 0.037776
