13 0.771267 0.332292 0.136285 0.218056
10 0.092448 0.827083 0.085938 0.098611
13 0.737413 0.376736 0.053819 0.095139
3 0.549045 0.592882 0.631944 0.257986
3 0.536675 0.558160 0.590712 0.207986
10 0.091363 0.794097 0.058594 0.088194
9 0.762153 0.244271 0.119792 0.140625
10 0.922526 0.678819 0.055990 0.098611
9 0.391710 0.259896 0.094184 0.104514
3 0.535590 0.581250 0.600694 0.144444
11 0.092448 0.827083 0.085938 0.098611
7 0.401259 0.242535 0.119358 0.129514
11 0.710938 0.163368 0.131076 0.051736
13 0.731554 0.366667 0.069010 0.102778
