13 0.245226 0.301910 0.089410 0.078819
11 0.645399 0.184028 0.103299 0.018750
7 0.245226 0.301910 0.089410 0.078819
3 0.605903 0.606076 0.466146 0.102431
11 0.348958 0.189410 0.102431 0.014931
7 0.245660 0.310069 0.102431 0.074306
0 0.565104 0.346701 0.118924 0.093403
6 0.243924 0.314583 0.108507 0.076389
13 0.265408 0.449653 0.236545 0.106944
13 0.243924 0.314583 0.108507 0.076389
6 0.256510 0.450174 0.251736 0.105903
13 0.251519 0.445486 0.255642 0.095833
13 0.256510 0.450174 0.251736 0.105903
