7 0.805254 0.396062 0.145955 0.242808
8 0.296706 0.383733 0.266472 0.345548
10 0.201001 0.430993 0.230192 0.358562
7 0.296706 0.383733 0.266472 0.345548
7 0.280025 0.404795 0.231443 0.295205
4 0.336739 0.313870 0.128857 0.107877
7 0.727898 0.419692 0.319850 0.311301
7 0.722269 0.357534 0.310259 0.384247
4 0.727898 0.419692 0.319850 0.311301
8 0.727898 0.419692 0.319850 0.311301
4 0.302961 0.459247 0.218932 0.156164
8 0.665346 0.338185 0.115513 0.124315
10 0.241243 0.484932 0.290659 0.367808
10 0.280025 0.446575 0.341535 0.457534
4 0.658465 0.342123 0.135113 0.119178
7 0.304837 0.363699 0.272727 0.402740
4 0.296706 0.383733 0.266472 0.345548
