9 0.949178 0.149501 0.097058 0.105927
2 0.197172 0.257482 0.087123 0.098885
2 0.195835 0.263351 0.066870 0.089495
7 0.734238 0.541227 0.128009 0.101232
10 0.139473 0.810886 0.048911 0.070129
2 0.949178 0.149941 0.074131 0.110915
7 0.815629 0.625000 0.046236 0.034624
10 0.145969 0.817195 0.039740 0.046362
2 0.818303 0.624413 0.042415 0.034038
11 0.390141 0.118985 0.097058 0.023768
11 0.603554 0.118985 0.063049 0.012617
2 0.731945 0.543721 0.119603 0.097418
8 0.815629 0.625000 0.046236 0.034624
2 0.636416 0.299442 0.036301 0.046655
9 0.181506 0.089349 0.199465 0.084800
11 0.139473 0.810886 0.048911 0.070129
2 0.176729 0.088322 0.194498 0.078052
10 0.145013 0.817635 0.045472 0.045481
9 0.826710 0.074677 0.177684 0.049589
11 0.145969 0.817195 0.039740 0.046362
2 0.142147 0.105634 0.277417 0.113850
7 0.818112 0.626907 0.035919 0.036678
5 0.195262 0.735915 0.165075 0.150235
11 0.145013 0.817635 0.045472 0.045481
2 0.825182 0.074090 0.191441 0.060739
2 0.855560 0.146273 0.282767 0.196303
0 0.592090 0.311766 0.141001 0.097711
0 0.595529 0.321450 0.126481 0.107101
2 0.727742 0.542400 0.121131 0.094777
9 0.200038 0.254695 0.063049 0.115610
0 0.591899 0.313380 0.139091 0.099765
2 0.636416 0.301350 0.042415 0.048122
