13 0.718316 0.239931 0.134549 0.165972
13 0.410156 0.203299 0.144965 0.094097
11 0.216580 0.627431 0.043403 0.063889
11 0.684245 0.128299 0.133247 0.023958
11 0.830946 0.586458 0.062066 0.035417
6 0.730903 0.225521 0.201389 0.189236
6 0.410156 0.203299 0.144965 0.094097
3 0.601562 0.492361 0.411458 0.189583
3 0.599826 0.498264 0.431424 0.122222
6 0.396484 0.213368 0.205295 0.153125
6 0.424479 0.201910 0.151910 0.130208
11 0.687066 0.124306 0.129340 0.027778
3 0.599175 0.532118 0.417969 0.107986
10 0.830946 0.586458 0.062066 0.035417
13 0.730903 0.225521 0.201389 0.189236
0 0.620877 0.246181 0.109809 0.120833
6 0.716363 0.226215 0.187066 0.191319
13 0.424479 0.201910 0.151910 0.130208
