11 0.871162 0.355288 0.152412 0.313462
2 0.316338 0.334135 0.058114 0.059615
8 0.621436 0.266106 0.047697 0.042788
9 0.838816 0.269952 0.096491 0.120673
8 0.325932 0.333173 0.059759 0.053846
2 0.191064 0.535577 0.070724 0.055769
8 0.658991 0.261298 0.018640 0.012981
3 0.660362 0.612981 0.516996 0.158654
8 0.204770 0.379087 0.031250 0.038942
13 0.838816 0.269952 0.096491 0.120673
2 0.871162 0.360096 0.135965 0.301923
8 0.192160 0.538702 0.076206 0.074519
8 0.641447 0.225240 0.029605 0.030288
7 0.197917 0.540385 0.071272 0.063462
8 0.201754 0.377404 0.049342 0.034615
3 0.655702 0.597356 0.514254 0.156250
7 0.887061 0.443510 0.099781 0.095673
0 0.604167 0.293510 0.116228 0.116827
3 0.651864 0.631250 0.516447 0.192308
2 0.192982 0.385577 0.065789 0.061538
8 0.626645 0.301683 0.019737 0.017788
0 0.600877 0.287981 0.119518 0.116346
