13 0.280750 0.243877 0.262500 0.086571
13 0.741750 0.240498 0.298500 0.264780
11 0.898250 0.791385 0.041500 0.094595
13 0.770500 0.292652 0.241000 0.104730
13 0.757500 0.206292 0.252000 0.205659
11 0.310750 0.102407 0.105500 0.064611
11 0.318000 0.106419 0.135000 0.029561
13 0.288000 0.251056 0.259000 0.061233
11 0.660000 0.102829 0.194000 0.066301
13 0.280000 0.192145 0.289000 0.168919
11 0.304500 0.125633 0.165000 0.081503
11 0.122750 0.899704 0.041500 0.054476
11 0.687750 0.094383 0.131500 0.051943
11 0.117000 0.894426 0.032000 0.056588
10 0.117000 0.894426 0.032000 0.056588
13 0.338500 0.186233 0.108000 0.113176
