8 0.361943 0.425803 0.021914 0.017328
9 0.757122 0.432105 0.208912 0.145243
8 0.274105 0.374449 0.029584 0.031821
11 0.399379 0.180529 0.128926 0.033396
8 0.771366 0.383743 0.032871 0.030876
8 0.290723 0.361374 0.015340 0.010712
8 0.755661 0.430844 0.035062 0.027410
8 0.211103 0.570573 0.018262 0.017643
13 0.757122 0.432105 0.208912 0.145243
8 0.807524 0.493069 0.026297 0.023945
3 0.594229 0.661783 0.466764 0.155955
8 0.241234 0.398393 0.023009 0.016068
13 0.732104 0.439509 0.147918 0.134216
13 0.751826 0.456679 0.275018 0.201323
0 0.581812 0.320101 0.134405 0.109641
13 0.322863 0.379017 0.200146 0.119093
8 0.347151 0.399023 0.029584 0.023629
8 0.371074 0.385161 0.021914 0.016698
8 0.340760 0.347826 0.012418 0.011342
9 0.322863 0.379017 0.200146 0.119093
3 0.594777 0.673125 0.473703 0.121928
8 0.267531 0.594991 0.016435 0.016698
8 0.315741 0.503466 0.015705 0.013863
6 0.327429 0.381695 0.177867 0.138941
8 0.789993 0.443604 0.037253 0.027725
3 0.591308 0.664304 0.485026 0.156585
8 0.203433 0.643037 0.010957 0.008192
6 0.751826 0.456679 0.275018 0.201323
9 0.248356 0.595936 0.186267 0.201323
8 0.264244 0.538280 0.014974 0.011657
8 0.264609 0.383113 0.015705 0.018273
7 0.221329 0.613579 0.162162 0.171078
0 0.575420 0.331285 0.139883 0.123819
8 0.321585 0.426749 0.014974 0.013548
6 0.221329 0.613579 0.162162 0.171078
7 0.248356 0.595936 0.186267 0.201323
13 0.327429 0.381695 0.177867 0.138941
8 0.186998 0.647921 0.015340 0.014178
11 0.629291 0.184940 0.093499 0.042218
8 0.734478 0.481096 0.016801 0.016383
0 0.584733 0.339004 0.129291 0.134846
8 0.323229 0.415249 0.015340 0.011972
