8 0.697700 0.583160 0.052517 0.027431
7 0.185113 0.446354 0.029948 0.021181
13 0.603516 0.228993 0.057726 0.026042
11 0.111762 0.836979 0.050781 0.075347
9 0.238281 0.375868 0.203125 0.153819
7 0.603516 0.228993 0.057726 0.026042
10 0.756727 0.899653 0.047309 0.061111
11 0.260634 0.743229 0.027344 0.021875
11 0.173828 0.793229 0.032552 0.021181
11 0.246962 0.216319 0.133681 0.063194
11 0.116970 0.838194 0.049913 0.056944
13 0.238281 0.375868 0.203125 0.153819
10 0.116970 0.838194 0.049913 0.056944
11 0.287109 0.203472 0.146267 0.061806
11 0.756727 0.899653 0.047309 0.061111
