0 0.640299 0.387858 0.087240 0.102539
11 0.675618 0.187988 0.074544 0.014648
3 0.639811 0.608561 0.333659 0.125977
11 0.867350 0.663249 0.068685 0.099935
11 0.459473 0.190267 0.066732 0.012044
7 0.808919 0.312337 0.066406 0.090820
8 0.809570 0.311035 0.069010 0.086263
8 0.808919 0.312337 0.066406 0.090820
0 0.633952 0.382324 0.101888 0.090820
10 0.867350 0.663249 0.068685 0.099935
13 0.443034 0.546549 0.018880 0.079427
13 0.849935 0.652995 0.069661 0.031250
0 0.634277 0.395345 0.102539 0.124674
7 0.810059 0.313477 0.075846 0.088542
