8 0.254468 0.258351 0.008530 0.010420
0 0.545085 0.304934 0.125914 0.096843
11 0.243298 0.165492 0.046304 0.046583
8 0.201462 0.224793 0.017059 0.010726
8 0.206336 0.219890 0.028432 0.021759
7 0.148863 0.636531 0.065394 0.047196
13 0.214054 0.509807 0.046304 0.038921
3 0.530869 0.703034 0.442729 0.134845
0 0.548335 0.291603 0.133225 0.089182
13 0.141958 0.629635 0.069456 0.037082
11 0.203087 0.165032 0.117790 0.094698
8 0.253452 0.257279 0.015435 0.011952
8 0.293664 0.264021 0.025995 0.021146
13 0.255890 0.215139 0.121040 0.111554
13 0.147238 0.626571 0.047522 0.026663
8 0.296913 0.262948 0.017059 0.014097
8 0.212835 0.210849 0.010561 0.009194
