10 0.282038 0.559832 0.338303 0.197983
13 0.228967 0.494622 0.123536 0.054790
6 0.243699 0.470252 0.179269 0.188908
7 0.236244 0.483193 0.174299 0.132773
11 0.883387 0.683866 0.068513 0.087731
13 0.243699 0.470252 0.179269 0.188908
0 0.587504 0.271429 0.110046 0.109916
10 0.182286 0.549916 0.109691 0.147899
6 0.243344 0.477143 0.180689 0.102521
10 0.883387 0.683866 0.068513 0.087731
0 0.582712 0.278319 0.116791 0.103529
7 0.243699 0.470252 0.179269 0.188908
13 0.243344 0.477143 0.180689 0.102521
10 0.238729 0.532437 0.217607 0.178824
