13 0.282552 0.207292 0.081597 0.101389
13 0.739583 0.457465 0.069444 0.030208
1 0.326389 0.319097 0.105903 0.238194
13 0.293620 0.194271 0.097656 0.079514
10 0.763672 0.469965 0.072483 0.096181
4 0.326389 0.319097 0.105903 0.238194
9 0.328993 0.322396 0.094618 0.167014
13 0.275391 0.177257 0.095920 0.055903
3 0.472439 0.464062 0.407552 0.081597
11 0.750651 0.469792 0.087240 0.077778
10 0.750651 0.469792 0.087240 0.077778
0 0.530816 0.257465 0.088542 0.096875
13 0.746962 0.460764 0.053819 0.020833
0 0.512587 0.254861 0.117187 0.088889
0 0.521484 0.264410 0.109809 0.115625
7 0.340929 0.273785 0.109809 0.164236
3 0.475260 0.468576 0.399306 0.065625
11 0.763672 0.469965 0.072483 0.096181
