8 0.266884 0.433921 0.311635 0.445682
0 0.572010 0.376664 0.113100 0.096565
8 0.726404 0.387806 0.031326 0.025379
8 0.725386 0.546580 0.028478 0.020427
9 0.704434 0.272516 0.091538 0.101207
8 0.197722 0.501238 0.032547 0.021975
8 0.316111 0.336738 0.021969 0.017332
8 0.733930 0.315073 0.031733 0.027236
8 0.318145 0.392603 0.026037 0.019499
8 0.742270 0.460848 0.267290 0.462396
8 0.347437 0.424791 0.022783 0.018880
8 0.249390 0.381461 0.031733 0.025689
8 0.688161 0.490096 0.019121 0.015785
13 0.704434 0.272516 0.091538 0.101207
8 0.268511 0.303002 0.018714 0.012380
