9 0.218682 0.521178 0.416970 0.679682
9 0.544064 0.119788 0.839039 0.074123
7 0.297160 0.431171 0.312454 0.488418
3 0.577932 0.635010 0.420976 0.164792
0 0.604334 0.331072 0.132921 0.174388
7 0.281136 0.459133 0.359796 0.527796
9 0.309177 0.086201 0.241078 0.141297
3 0.574108 0.617306 0.436635 0.187624
3 0.576475 0.640635 0.420976 0.199868
9 0.287327 0.092819 0.213401 0.122105
0 0.601602 0.315850 0.131100 0.139974
9 0.206118 0.512078 0.353241 0.290205
9 0.736890 0.085374 0.197014 0.119126
9 0.614530 0.303111 0.105972 0.109861
9 0.053168 0.660159 0.096140 0.369954
9 0.042790 0.619292 0.074654 0.540371
7 0.291515 0.438782 0.286599 0.446724
9 0.755462 0.104401 0.158412 0.090999
