8 0.243340 0.606023 0.053279 0.045380
11 0.952869 0.855404 0.028689 0.051568
10 0.115779 0.852104 0.095287 0.073020
11 0.115779 0.852104 0.095287 0.073020
3 0.645492 0.701733 0.540984 0.199670
10 0.114242 0.840553 0.087090 0.080446
11 0.942623 0.830239 0.066598 0.081271
10 0.942623 0.830239 0.066598 0.081271
11 0.108094 0.846741 0.037910 0.034241
3 0.649590 0.692863 0.538934 0.241337
8 0.238217 0.603548 0.040984 0.042079
3 0.648566 0.702351 0.538934 0.194307
9 0.709785 0.428424 0.132684 0.133251
11 0.114242 0.840553 0.087090 0.080446
