13 0.623915 0.329340 0.164497 0.047569
11 0.030165 0.652083 0.031684 0.058333
1 0.268229 0.221181 0.119792 0.202778
13 0.194227 0.334896 0.228733 0.076042
13 0.265842 0.221354 0.108941 0.183681
1 0.215495 0.338889 0.192274 0.090972
9 0.368273 0.440278 0.124566 0.331944
13 0.208767 0.231250 0.249132 0.259028
1 0.208767 0.231250 0.249132 0.259028
11 0.029514 0.636632 0.036458 0.089931
13 0.215495 0.338889 0.192274 0.090972
0 0.471571 0.245312 0.107205 0.096181
13 0.268229 0.221181 0.119792 0.202778
10 0.029514 0.636632 0.036458 0.089931
13 0.647135 0.317014 0.123264 0.019444
13 0.631076 0.322222 0.169271 0.040972
