9 0.939377 0.436826 0.117492 0.434132
13 0.774399 0.575898 0.157658 0.103892
9 0.261637 0.064820 0.094595 0.082934
4 0.742305 0.599551 0.179054 0.096707
9 0.256569 0.064371 0.179054 0.125150
8 0.724850 0.572904 0.193694 0.147006
7 0.742305 0.599551 0.179054 0.096707
7 0.816066 0.737575 0.216967 0.153593
9 0.932057 0.430539 0.092342 0.437126
7 0.825826 0.708084 0.189189 0.150898
9 0.306306 0.060778 0.224474 0.115569
9 0.795983 0.073204 0.285661 0.146407
4 0.724850 0.572904 0.193694 0.147006
6 0.764077 0.633084 0.312688 0.345210
7 0.722973 0.564072 0.199700 0.155090
9 0.772523 0.073653 0.313814 0.143114
9 0.768018 0.066617 0.195195 0.115269
6 0.816066 0.737575 0.216967 0.153593
0 0.586336 0.294760 0.095345 0.066766
8 0.742305 0.599551 0.179054 0.096707
9 0.902590 0.377994 0.158033 0.536228
