6 0.303356 0.292533 0.099925 0.089820
10 0.246983 0.549313 0.279035 0.208172
13 0.732655 0.532054 0.206637 0.143360
0 0.561275 0.331807 0.120287 0.126101
13 0.303356 0.292533 0.099925 0.089820
10 0.848228 0.557238 0.104449 0.214864
11 0.679864 0.129271 0.172700 0.077492
13 0.296757 0.429377 0.089744 0.073970
11 0.272247 0.302924 0.297888 0.424093
10 0.270551 0.412117 0.350302 0.661501
10 0.742270 0.587002 0.362368 0.298344
7 0.683258 0.539274 0.270739 0.244452
11 0.299397 0.190208 0.248869 0.130328
10 0.847097 0.576259 0.108220 0.212751
4 0.732655 0.532054 0.206637 0.143360
0 0.570701 0.316309 0.088612 0.093695
10 0.242270 0.496830 0.302790 0.247622
7 0.262255 0.391687 0.298265 0.396619
7 0.279600 0.364565 0.273379 0.389574
