2 0.219376 0.824176 0.092065 0.035714
11 0.134438 0.894574 0.043914 0.035027
2 0.222843 0.821257 0.090524 0.036745
7 0.201464 0.450206 0.050847 0.109203
10 0.833205 0.897837 0.054700 0.049107
2 0.225154 0.820398 0.098228 0.039835
11 0.267912 0.529361 0.171418 0.325206
2 0.267912 0.529361 0.171418 0.325206
9 0.252696 0.596497 0.127889 0.183379
11 0.762327 0.550309 0.097843 0.296360
9 0.765986 0.562843 0.112096 0.309066
11 0.131741 0.738496 0.036980 0.156250
2 0.263482 0.522665 0.190293 0.332418
11 0.263482 0.522665 0.190293 0.332418
2 0.767334 0.545501 0.089368 0.312157
11 0.833205 0.897837 0.054700 0.049107
2 0.762327 0.550309 0.097843 0.296360
11 0.767334 0.545501 0.089368 0.312157
11 0.219376 0.824176 0.092065 0.035714
11 0.374037 0.158139 0.107088 0.023008
11 0.225154 0.820398 0.098228 0.039835
10 0.134438 0.894574 0.043914 0.035027
