8 0.645182 0.249653 0.012587 0.006250
11 0.307726 0.127604 0.106771 0.048958
13 0.673394 0.513194 0.063802 0.106250
13 0.352865 0.165625 0.115451 0.122917
0 0.557943 0.262153 0.088108 0.100000
7 0.649523 0.253472 0.184462 0.200000
8 0.659939 0.247743 0.172309 0.203125
8 0.666450 0.240799 0.153212 0.192708
13 0.328125 0.184375 0.114583 0.088889
11 0.816840 0.672743 0.050347 0.059375
11 0.644748 0.135243 0.216580 0.081597
8 0.660373 0.232813 0.012587 0.015625
8 0.298177 0.159549 0.039931 0.027431
10 0.816840 0.672743 0.050347 0.059375
8 0.690972 0.198611 0.017361 0.013889
11 0.659505 0.136806 0.185330 0.087500
7 0.666450 0.240799 0.153212 0.192708
6 0.759983 0.439410 0.063368 0.117014
4 0.659939 0.247743 0.172309 0.203125
8 0.701606 0.212847 0.013455 0.011111
13 0.682726 0.216493 0.064236 0.059375
8 0.693793 0.230556 0.009115 0.008333
7 0.759983 0.439410 0.063368 0.117014
