6 0.792984 0.464948 0.222822 0.260088
11 0.390709 0.127982 0.112953 0.031517
11 0.672128 0.133137 0.169237 0.065390
6 0.226291 0.431664 0.209715 0.333137
3 0.521010 0.569809 0.469160 0.152872
10 0.187934 0.609131 0.198535 0.134904
0 0.604279 0.289543 0.169237 0.134315
6 0.295297 0.402062 0.343870 0.425920
0 0.620085 0.298969 0.142251 0.135493
7 0.774480 0.457290 0.235929 0.284242
11 0.400347 0.135199 0.152274 0.030044
6 0.774480 0.457290 0.235929 0.284242
10 0.142251 0.590133 0.077872 0.123417
4 0.210678 0.421060 0.158443 0.345508
10 0.287201 0.589691 0.360833 0.183800
3 0.520432 0.558027 0.458751 0.205891
7 0.226291 0.431664 0.209715 0.333137
6 0.779877 0.467158 0.262143 0.346392
11 0.665189 0.120619 0.209329 0.046244
7 0.400925 0.350957 0.109483 0.195876
