8 0.155000 0.519327 0.084000 0.083835
8 0.786250 0.279116 0.074500 0.087349
7 0.179000 0.360944 0.034000 0.045181
13 0.829500 0.450552 0.091000 0.091867
8 0.179000 0.360944 0.034000 0.045181
8 0.828750 0.451556 0.111500 0.098896
7 0.285000 0.253263 0.061000 0.090863
8 0.133750 0.531124 0.129500 0.132530
7 0.228000 0.678213 0.130000 0.125502
0 0.580750 0.441014 0.155500 0.129016
8 0.290750 0.686747 0.100500 0.107430
0 0.568250 0.451556 0.166500 0.139056
8 0.789250 0.288153 0.066500 0.074297
8 0.228000 0.678213 0.130000 0.125502
8 0.790500 0.284137 0.065000 0.060241
8 0.881750 0.703313 0.068500 0.070281
10 0.056000 0.730422 0.087000 0.275100
11 0.770000 0.201807 0.127000 0.073293
7 0.129000 0.533384 0.132000 0.141064
8 0.118000 0.544679 0.066000 0.081325
8 0.065500 0.656124 0.027000 0.031124
8 0.786500 0.663153 0.047000 0.063253
11 0.186500 0.228414 0.109000 0.096386
8 0.180500 0.357430 0.039000 0.050201
8 0.896250 0.712600 0.118500 0.115964
7 0.829500 0.450552 0.091000 0.091867
7 0.904500 0.712098 0.155000 0.093876
3 0.607000 0.712349 0.556000 0.138554
8 0.179750 0.358183 0.048500 0.051707
8 0.281000 0.256024 0.061000 0.089357
8 0.904500 0.712098 0.155000 0.093876
8 0.829250 0.449297 0.086500 0.098394
8 0.230250 0.673444 0.105500 0.131024
8 0.129000 0.533384 0.132000 0.141064
8 0.285000 0.253263 0.061000 0.090863
8 0.789000 0.666667 0.062000 0.073293
0 0.584000 0.464608 0.135000 0.179217
7 0.786250 0.279116 0.074500 0.087349
10 0.902500 0.665914 0.105000 0.318775
7 0.230250 0.673444 0.105500 0.131024
