11 0.650608 0.169792 0.092882 0.025694
8 0.747613 0.341146 0.062934 0.041319
11 0.123481 0.741493 0.076823 0.088542
1 0.283854 0.227604 0.269097 0.114236
13 0.670356 0.233507 0.089844 0.108681
8 0.642795 0.240972 0.022569 0.033333
11 0.291233 0.247743 0.263889 0.128125
1 0.293620 0.240625 0.234809 0.134722
2 0.670356 0.233507 0.089844 0.108681
11 0.692491 0.183160 0.167101 0.066319
13 0.263889 0.347049 0.171007 0.141319
2 0.746311 0.339757 0.054253 0.039236
13 0.746311 0.339757 0.054253 0.039236
8 0.669922 0.254688 0.098524 0.062847
13 0.276259 0.326389 0.199219 0.124306
13 0.274306 0.350694 0.212674 0.155556
8 0.692708 0.245312 0.055556 0.029514
13 0.752387 0.341146 0.056858 0.037847
0 0.556207 0.354861 0.157552 0.130556
0 0.556858 0.368056 0.113715 0.148611
