10 0.108515 0.743780 0.055446 0.077448
4 0.322574 0.403491 0.261782 0.197030
1 0.329109 0.396067 0.225743 0.196629
11 0.108515 0.743780 0.055446 0.077448
10 0.107723 0.725722 0.057030 0.152889
3 0.539406 0.694222 0.455446 0.205457
7 0.328317 0.409109 0.245545 0.210674
11 0.107723 0.725722 0.057030 0.152889
11 0.111089 0.735554 0.032079 0.047352
12 0.332673 0.246790 0.209109 0.127608
0 0.575644 0.345907 0.120000 0.122793
4 0.239010 0.707464 0.218218 0.087480
3 0.547129 0.710273 0.414653 0.178973
3 0.547921 0.674960 0.423366 0.246388
