11 0.151530 0.761230 0.068685 0.109049
0 0.554199 0.301270 0.090820 0.081706
0 0.553548 0.308105 0.088867 0.083659
10 0.159831 0.765625 0.097656 0.112630
10 0.151530 0.761230 0.068685 0.109049
11 0.800293 0.821940 0.044596 0.077474
11 0.783203 0.806803 0.068359 0.090820
11 0.790365 0.805176 0.065104 0.101237
10 0.790365 0.805176 0.065104 0.101237
10 0.783203 0.806803 0.068359 0.090820
11 0.159831 0.765625 0.097656 0.112630
11 0.153320 0.753255 0.076823 0.134115
10 0.153320 0.753255 0.076823 0.134115
10 0.800293 0.821940 0.044596 0.077474
