10 0.068359 0.649306 0.098524 0.095833
9 0.053385 0.417882 0.105903 0.393403
9 0.669922 0.083854 0.279948 0.144792
9 0.568359 0.446181 0.058594 0.202083
0 0.517795 0.330729 0.110243 0.081597
11 0.068359 0.649306 0.098524 0.095833
7 0.235460 0.412674 0.294705 0.440625
0 0.526910 0.348785 0.102431 0.107986
9 0.411675 0.093924 0.766927 0.178819
9 0.114149 0.490278 0.224826 0.541667
13 0.819010 0.617882 0.078125 0.028819
9 0.649306 0.075000 0.195312 0.122222
9 0.190755 0.089757 0.337240 0.167708
9 0.224175 0.090799 0.326823 0.148958
9 0.060330 0.417708 0.115451 0.370139
