8 0.740017 0.395486 0.084201 0.072222
4 0.740451 0.393576 0.091146 0.080208
13 0.681207 0.317708 0.090712 0.081944
8 0.740451 0.393576 0.091146 0.080208
7 0.687500 0.573438 0.210938 0.169792
7 0.743924 0.392361 0.095486 0.072917
13 0.678385 0.324826 0.084201 0.078125
7 0.680556 0.458507 0.217014 0.295486
4 0.740017 0.395486 0.084201 0.072222
4 0.636285 0.425868 0.114583 0.181597
7 0.666884 0.477951 0.266059 0.351042
13 0.692274 0.332118 0.117188 0.103819
8 0.743924 0.392361 0.095486 0.072917
11 0.664280 0.234722 0.269531 0.196528
