11 0.121745 0.709375 0.042101 0.043750
9 0.519965 0.321875 0.328125 0.217361
11 0.127821 0.706944 0.042969 0.041667
10 0.121745 0.709375 0.042101 0.043750
11 0.946832 0.706076 0.046441 0.048958
0 0.601345 0.308854 0.139323 0.154514
8 0.516059 0.297396 0.312500 0.230208
7 0.516059 0.297396 0.312500 0.230208
9 0.385634 0.339063 0.112413 0.157986
11 0.946398 0.702083 0.034288 0.049306
10 0.123481 0.695833 0.065538 0.038889
10 0.127821 0.706944 0.042969 0.041667
10 0.946832 0.706076 0.046441 0.048958
11 0.123481 0.695833 0.065538 0.038889
10 0.946398 0.702083 0.034288 0.049306
8 0.519965 0.321875 0.328125 0.217361
