3 0.589327 0.562500 0.440321 0.204487
11 0.636955 0.094391 0.104820 0.025962
9 0.782517 0.052564 0.176358 0.094872
9 0.975134 0.669872 0.032135 0.128846
11 0.122609 0.625481 0.021806 0.061859
3 0.587988 0.551923 0.435348 0.220513
9 0.213849 0.419872 0.385616 0.291667
10 0.122609 0.625481 0.021806 0.061859
9 0.727429 0.051923 0.255930 0.100000
9 0.181331 0.078365 0.258607 0.125962
11 0.402640 0.106571 0.086840 0.018269
9 0.196634 0.375962 0.366488 0.201282
9 0.064652 0.639103 0.082632 0.605769
9 0.046863 0.683333 0.071538 0.616667
3 0.584353 0.558494 0.445677 0.209936
0 0.592387 0.254968 0.136572 0.130449
7 0.213849 0.419872 0.385616 0.291667
9 0.727812 0.055929 0.262816 0.102885
9 0.205815 0.065385 0.327467 0.125000
9 0.062165 0.663782 0.106733 0.648077
9 0.198738 0.057692 0.323259 0.102564
11 0.645562 0.092949 0.114384 0.020513
11 0.408378 0.106250 0.042464 0.016346
0 0.595256 0.263141 0.132364 0.147436
0 0.588944 0.254968 0.144989 0.124038
