11 0.326659 0.137336 0.169498 0.065461
7 0.708738 0.180757 0.264563 0.135855
11 0.336165 0.168750 0.237055 0.092105
0 0.595469 0.311184 0.136731 0.121053
5 0.258293 0.537007 0.389563 0.652961
9 0.766181 0.512171 0.300162 0.603947
5 0.243123 0.608553 0.203074 0.400000
5 0.762136 0.521382 0.304207 0.576316
5 0.259304 0.614638 0.347896 0.441118
11 0.714199 0.195230 0.302994 0.175987
5 0.830906 0.495066 0.157767 0.360526
5 0.766181 0.512171 0.300162 0.603947
9 0.259304 0.614638 0.347896 0.441118
11 0.726335 0.170724 0.229369 0.132237
7 0.376416 0.156743 0.173544 0.084539
13 0.681837 0.207730 0.116909 0.044408
