11 0.206459 0.490300 0.065269 0.224339
13 0.284241 0.528042 0.118701 0.228571
2 0.225905 0.504762 0.091309 0.152381
2 0.777646 0.363316 0.070680 0.126984
2 0.788806 0.446208 0.106527 0.289242
2 0.215083 0.783774 0.080487 0.069136
11 0.177376 0.505467 0.030774 0.138977
11 0.777646 0.363316 0.070680 0.126984
8 0.286270 0.830511 0.026040 0.026455
2 0.194792 0.535450 0.029760 0.136155
13 0.256679 0.479012 0.020967 0.071958
8 0.736219 0.296825 0.008793 0.010229
8 0.336828 0.402998 0.014204 0.013051
11 0.811126 0.543034 0.046331 0.106173
3 0.603145 0.706702 0.381806 0.139330
2 0.305884 0.588007 0.086912 0.112169
2 0.208488 0.523457 0.049036 0.117108
13 0.680250 0.333333 0.028745 0.041623
2 0.212039 0.781834 0.070342 0.039153
13 0.758201 0.322751 0.018262 0.031041
2 0.792019 0.359083 0.024349 0.047266
6 0.284241 0.528042 0.118701 0.228571
13 0.305377 0.605467 0.080487 0.090653
0 0.592492 0.364903 0.077782 0.092063
11 0.835306 0.572310 0.026378 0.120282
0 0.577951 0.387478 0.102131 0.149206
8 0.801657 0.581305 0.021305 0.025397
2 0.792526 0.358201 0.025364 0.037743
2 0.211532 0.786243 0.072709 0.065608
8 0.823470 0.479718 0.018262 0.016931
