13 0.739583 0.718924 0.044271 0.055903
13 0.597439 0.275174 0.122830 0.121875
9 0.348307 0.531424 0.037760 0.043403
2 0.609592 0.311806 0.088108 0.034722
8 0.266059 0.421528 0.113715 0.042361
13 0.348307 0.531424 0.037760 0.043403
2 0.597439 0.275174 0.122830 0.121875
2 0.256727 0.561285 0.031684 0.036458
8 0.266493 0.357639 0.049479 0.045139
8 0.569661 0.303819 0.021267 0.013889
8 0.347005 0.532812 0.043837 0.048958
13 0.708767 0.527083 0.054688 0.034028
8 0.708767 0.527083 0.054688 0.034028
8 0.192708 0.515972 0.063368 0.040972
2 0.348307 0.531424 0.037760 0.043403
2 0.582465 0.227604 0.098958 0.109375
2 0.344184 0.213889 0.072917 0.072917
2 0.704861 0.521875 0.071181 0.037500
2 0.195964 0.518750 0.049045 0.039583
8 0.642578 0.324306 0.021267 0.011806
2 0.723090 0.588889 0.060764 0.060417
2 0.265842 0.421354 0.106337 0.039931
11 0.344184 0.213889 0.072917 0.072917
9 0.254557 0.562153 0.031684 0.036806
13 0.254557 0.562153 0.031684 0.036806
2 0.346137 0.530208 0.039497 0.049306
8 0.254991 0.562326 0.031684 0.042014
2 0.266059 0.355729 0.052083 0.039931
2 0.573351 0.240451 0.073785 0.060764
2 0.708767 0.527083 0.054688 0.034028
8 0.713542 0.523785 0.061632 0.035764
2 0.743056 0.720833 0.031250 0.046528
2 0.739583 0.718924 0.044271 0.055903
8 0.733941 0.602083 0.034722 0.022917
13 0.268880 0.359375 0.047309 0.030556
8 0.721571 0.583507 0.059462 0.062153
13 0.195095 0.521007 0.054253 0.038542
11 0.582465 0.227604 0.098958 0.109375
2 0.358073 0.223785 0.049479 0.062153
