7 0.737549 0.319281 0.302759 0.494771
10 0.804371 0.619281 0.219276 0.295425
3 0.637764 0.593464 0.464350 0.186928
4 0.737370 0.382026 0.287352 0.315686
7 0.742386 0.326307 0.298101 0.485948
11 0.128449 0.726307 0.033321 0.048039
10 0.128449 0.726307 0.033321 0.048039
11 0.123612 0.733007 0.042995 0.082353
11 0.738624 0.188072 0.222501 0.152614
1 0.737549 0.319281 0.302759 0.494771
9 0.529559 0.277941 0.174848 0.445425
10 0.862057 0.640196 0.156933 0.344444
7 0.737370 0.382026 0.287352 0.315686
3 0.644930 0.646895 0.537442 0.231699
10 0.123612 0.733007 0.042995 0.082353
