11 0.381711 0.227241 0.112416 0.018207
11 0.341233 0.237745 0.107802 0.032213
7 0.744337 0.512780 0.196728 0.174720
13 0.740352 0.455182 0.233221 0.079132
7 0.728398 0.491772 0.220218 0.194328
10 0.750839 0.599265 0.257550 0.234244
3 0.540688 0.629377 0.395973 0.161415
10 0.795092 0.593137 0.246225 0.321429
11 0.765310 0.275910 0.152265 0.100140
11 0.730076 0.241772 0.136326 0.046569
13 0.747903 0.449580 0.187919 0.079832
7 0.746435 0.522584 0.156460 0.152311
0 0.560822 0.379202 0.114933 0.112745
11 0.663800 0.236345 0.117030 0.025210
10 0.750210 0.556548 0.231963 0.333683
