11 0.841309 0.858073 0.038737 0.039714
9 0.121745 0.191732 0.136068 0.085938
5 0.795247 0.625814 0.167969 0.389648
11 0.279460 0.828451 0.047852 0.071615
11 0.839193 0.835286 0.051432 0.051432
5 0.363607 0.571289 0.204427 0.471354
9 0.361328 0.609049 0.232422 0.290365
5 0.785482 0.588542 0.171875 0.175781
10 0.279460 0.828451 0.047852 0.071615
9 0.116048 0.192383 0.142253 0.082031
11 0.690592 0.140462 0.094076 0.027018
13 0.370768 0.586426 0.072266 0.032878
5 0.821289 0.691569 0.091146 0.257487
10 0.839193 0.835286 0.051432 0.051432
5 0.361328 0.609049 0.232422 0.290365
9 0.120605 0.190267 0.140299 0.103841
5 0.305990 0.651530 0.090495 0.228841
11 0.287598 0.840169 0.028971 0.042318
9 0.785482 0.588542 0.171875 0.175781
