13 0.187256 0.391000 0.062012 0.025200
6 0.710938 0.343600 0.210938 0.288000
11 0.843018 0.726800 0.038574 0.056800
10 0.838867 0.721800 0.062500 0.059600
6 0.710449 0.351800 0.236328 0.290000
10 0.843018 0.726800 0.038574 0.056800
7 0.710938 0.343600 0.210938 0.288000
11 0.838867 0.721800 0.062500 0.059600
6 0.233643 0.340600 0.093262 0.138800
11 0.854248 0.715400 0.043457 0.056400
6 0.751221 0.488600 0.104980 0.149200
13 0.678223 0.304400 0.132812 0.218400
10 0.854248 0.715400 0.043457 0.056400
13 0.217285 0.287000 0.047852 0.030000
