9 0.626519 0.241493 0.030816 0.032292
9 0.758464 0.382812 0.068142 0.032292
9 0.166884 0.460069 0.044705 0.046528
0 0.581597 0.375000 0.118924 0.087500
8 0.189670 0.555382 0.032118 0.024653
13 0.779297 0.597396 0.167101 0.049653
9 0.835938 0.551910 0.038194 0.044792
9 0.068576 0.268750 0.039063 0.043056
11 0.378472 0.195660 0.153646 0.022569
7 0.857422 0.655903 0.052517 0.064583
8 0.176215 0.549479 0.059896 0.039236
9 0.187500 0.555382 0.033854 0.026736
8 0.142144 0.703472 0.031684 0.027083
9 0.140408 0.701562 0.037760 0.030208
9 0.834201 0.413542 0.037326 0.027778
11 0.699870 0.209028 0.099392 0.028472
9 0.072483 0.343403 0.022569 0.031944
9 0.790582 0.469618 0.071615 0.042708
8 0.450304 0.326389 0.058594 0.052778
9 0.860894 0.659549 0.051649 0.058681
9 0.857422 0.655903 0.052517 0.064583
9 0.050781 0.360764 0.023438 0.019444
