13 0.738420 0.324798 0.108992 0.054314
13 0.397139 0.427374 0.085831 0.059590
2 0.334639 0.365767 0.070504 0.113904
11 0.369550 0.244879 0.159401 0.034761
13 0.318631 0.407821 0.140668 0.189323
2 0.337534 0.372595 0.069482 0.111421
2 0.763624 0.817194 0.192779 0.115456
13 0.278099 0.588920 0.148842 0.090317
13 0.667064 0.324488 0.122275 0.154252
13 0.758174 0.820764 0.208447 0.128181
13 0.334639 0.365767 0.070504 0.113904
13 0.763624 0.817194 0.192779 0.115456
13 0.294278 0.476412 0.100136 0.084420
13 0.386751 0.272967 0.083447 0.061142
13 0.685116 0.369181 0.084809 0.069212
13 0.273672 0.586127 0.158379 0.095282
11 0.635899 0.251862 0.158038 0.072315
13 0.687500 0.594041 0.089578 0.107387
2 0.758174 0.820764 0.208447 0.128181
2 0.761410 0.767536 0.193120 0.220981
11 0.761410 0.767536 0.193120 0.220981
2 0.299217 0.465549 0.112738 0.073246
2 0.318631 0.407821 0.140668 0.189323
13 0.300409 0.587213 0.205041 0.079454
11 0.337534 0.372595 0.069482 0.111421
2 0.300409 0.587213 0.205041 0.079454
13 0.299217 0.465549 0.112738 0.073246
