10 0.193359 0.443924 0.314670 0.174653
0 0.469401 0.242361 0.121962 0.110417
0 0.483290 0.233681 0.099392 0.097222
9 0.104384 0.262847 0.036024 0.040278
7 0.182509 0.376910 0.243490 0.064931
10 0.174262 0.438889 0.259983 0.153472
7 0.180339 0.374826 0.173177 0.066319
9 0.107422 0.261285 0.030816 0.042014
0 0.470920 0.245486 0.123264 0.109028
10 0.160590 0.444444 0.230035 0.171528
13 0.154948 0.342187 0.164062 0.067014
11 0.220486 0.101215 0.103299 0.056597
4 0.218967 0.381250 0.108073 0.059722
3 0.466580 0.450868 0.400174 0.147569
