9 0.517962 0.512219 0.268328 0.660502
9 0.512647 0.531209 0.233504 0.513540
5 0.271078 0.316711 0.110337 0.176354
13 0.738820 0.367404 0.248900 0.289630
9 0.506232 0.600396 0.224340 0.336856
6 0.736437 0.355185 0.235337 0.301519
5 0.727273 0.325297 0.227273 0.357992
13 0.727273 0.325297 0.227273 0.357992
13 0.234787 0.527411 0.149927 0.100396
5 0.216642 0.581572 0.174487 0.182959
11 0.721041 0.693857 0.043255 0.049538
5 0.240836 0.533190 0.246334 0.185271
5 0.736437 0.355185 0.235337 0.301519
5 0.254765 0.328765 0.174487 0.181968
