9 0.906064 0.769248 0.127604 0.453351
9 0.909784 0.674366 0.128348 0.633152
9 0.619420 0.130888 0.071429 0.067029
9 0.132812 0.680707 0.147321 0.631341
9 0.297061 0.190897 0.070312 0.107337
3 0.638021 0.769248 0.380952 0.206069
3 0.630208 0.789855 0.358631 0.250000
11 0.834821 0.718297 0.096726 0.163043
9 0.229539 0.494112 0.377976 0.274457
9 0.756324 0.407609 0.361607 0.406703
3 0.633743 0.786911 0.378348 0.258605
7 0.328311 0.612545 0.321057 0.710598
9 0.147135 0.726676 0.158110 0.532156
9 0.908668 0.745924 0.089658 0.382246
10 0.834821 0.718297 0.096726 0.163043
7 0.672991 0.476449 0.334077 0.482790
9 0.147879 0.722826 0.126116 0.500000
10 0.826265 0.714447 0.065476 0.141757
0 0.545573 0.448822 0.146205 0.153080
10 0.837240 0.776042 0.086682 0.139040
