13 0.810981 0.517361 0.082899 0.037500
13 0.291233 0.447569 0.140625 0.139583
0 0.582682 0.344965 0.118490 0.113542
3 0.580295 0.541493 0.431424 0.113542
13 0.254123 0.436111 0.088976 0.038889
13 0.809462 0.527083 0.089410 0.057639
13 0.369358 0.339931 0.046007 0.074306
13 0.795790 0.530556 0.058594 0.029861
13 0.322266 0.413715 0.131510 0.220486
13 0.341797 0.406597 0.095920 0.217361
13 0.842882 0.504340 0.047743 0.012847
3 0.580078 0.556597 0.425781 0.086806
0 0.577474 0.324306 0.119358 0.079167
