11 0.865095 0.643779 0.067870 0.117958
11 0.045804 0.775675 0.034102 0.058392
13 0.763959 0.279489 0.226680 0.268486
13 0.343029 0.198797 0.163156 0.177523
13 0.321464 0.220657 0.185557 0.148474
13 0.776998 0.284184 0.208626 0.257923
10 0.855567 0.677670 0.092277 0.111796
11 0.855567 0.677670 0.092277 0.111796
10 0.045804 0.775675 0.034102 0.058392
1 0.759278 0.271127 0.232698 0.322183
13 0.759278 0.271127 0.232698 0.322183
10 0.866433 0.650968 0.067870 0.072477
13 0.350217 0.197036 0.256436 0.139378
11 0.866433 0.650968 0.067870 0.072477
11 0.620027 0.155957 0.087262 0.112383
10 0.865095 0.643779 0.067870 0.117958
7 0.620027 0.155957 0.087262 0.112383
