13 0.687475 0.263441 0.128032 0.138520
9 0.792048 0.704143 0.198807 0.119228
7 0.698211 0.271347 0.135189 0.103099
8 0.696421 0.272138 0.126839 0.093928
11 0.756859 0.261860 0.285885 0.171410
11 0.714115 0.201455 0.197217 0.059456
10 0.882704 0.722802 0.027038 0.059772
8 0.786680 0.645003 0.040159 0.037002
8 0.698211 0.271347 0.135189 0.103099
8 0.664215 0.462207 0.056064 0.060405
7 0.755865 0.332701 0.056461 0.051866
8 0.246521 0.657653 0.045328 0.033207
8 0.781909 0.644687 0.040954 0.031309
8 0.755865 0.332701 0.056461 0.051866
11 0.377336 0.178843 0.181312 0.047122
11 0.882704 0.722802 0.027038 0.059772
10 0.756859 0.778621 0.295427 0.235927
7 0.687475 0.263441 0.128032 0.138520
11 0.728827 0.223593 0.255268 0.104364
8 0.753280 0.333491 0.048111 0.037002
