10 0.648003 0.487674 0.210069 0.212153
11 0.094835 0.671007 0.060330 0.053125
10 0.093533 0.665625 0.056858 0.072222
11 0.093533 0.665625 0.056858 0.072222
13 0.266493 0.234375 0.102431 0.138889
0 0.486979 0.285069 0.078125 0.070139
0 0.478516 0.274826 0.083767 0.057292
10 0.666233 0.506944 0.216146 0.336806
10 0.101997 0.670833 0.058160 0.087500
10 0.650825 0.498090 0.215712 0.279514
0 0.476997 0.296181 0.095486 0.098611
13 0.248264 0.213194 0.122396 0.098611
10 0.094835 0.671007 0.060330 0.053125
11 0.265191 0.147049 0.085938 0.031597
13 0.276910 0.234375 0.110243 0.141667
11 0.101997 0.670833 0.058160 0.087500
