3 0.553467 0.637800 0.395996 0.124400
8 0.791504 0.628400 0.039062 0.032800
3 0.551758 0.654200 0.398438 0.122000
8 0.791016 0.631200 0.045898 0.032000
8 0.219971 0.652800 0.055176 0.039200
7 0.254395 0.642800 0.180664 0.146400
8 0.793701 0.631800 0.037598 0.033200
8 0.216064 0.653600 0.045410 0.028800
6 0.254395 0.642800 0.180664 0.146400
8 0.214600 0.656200 0.039551 0.028400
5 0.267578 0.537600 0.253906 0.394400
0 0.564453 0.389200 0.134766 0.125600
0 0.570068 0.366200 0.105957 0.074000
0 0.563965 0.384200 0.143555 0.098000
