13 0.364583 0.135590 0.051215 0.070486
13 0.304470 0.443229 0.121094 0.048264
13 0.354384 0.130903 0.052517 0.081944
11 0.333767 0.101215 0.073785 0.017014
10 0.774740 0.510938 0.080729 0.093403
0 0.535590 0.214410 0.097222 0.085764
10 0.789714 0.523438 0.114149 0.144097
0 0.529080 0.211806 0.102431 0.077778
10 0.137587 0.522049 0.078993 0.139931
13 0.291233 0.429340 0.150174 0.074653
7 0.198134 0.491493 0.137587 0.053819
13 0.253255 0.434028 0.201823 0.055556
10 0.212457 0.520312 0.173177 0.062847
11 0.150825 0.513715 0.073351 0.057986
10 0.756510 0.511285 0.111979 0.098958
11 0.774740 0.510938 0.080729 0.093403
0 0.537543 0.225694 0.092448 0.095833
10 0.150825 0.513715 0.073351 0.057986
