11 0.737630 0.651389 0.043837 0.053472
10 0.050781 0.815799 0.054688 0.073958
5 0.236328 0.466667 0.375434 0.667361
5 0.731771 0.432465 0.357639 0.598264
13 0.273655 0.232812 0.273003 0.164931
10 0.912977 0.761806 0.043837 0.058333
5 0.237196 0.437674 0.390191 0.603819
5 0.755859 0.460764 0.373698 0.645139
11 0.050781 0.815799 0.054688 0.073958
5 0.194444 0.577951 0.204861 0.119097
9 0.742839 0.654687 0.041233 0.051042
6 0.765842 0.233333 0.158420 0.102083
6 0.273655 0.232812 0.273003 0.164931
11 0.912977 0.761806 0.043837 0.058333
