8 0.680122 0.473611 0.017361 0.011806
8 0.224826 0.360590 0.014757 0.014931
8 0.289714 0.427778 0.030816 0.017361
8 0.183160 0.498437 0.019097 0.017014
11 0.332899 0.115799 0.072917 0.017014
8 0.184462 0.500347 0.015625 0.014583
8 0.611762 0.222222 0.025608 0.020833
8 0.685764 0.336806 0.014757 0.012500
7 0.168837 0.535590 0.102431 0.142014
8 0.354601 0.446007 0.024306 0.019097
8 0.188368 0.317188 0.010417 0.008681
8 0.651476 0.427257 0.032118 0.023264
8 0.222873 0.359722 0.017795 0.015278
8 0.162326 0.518056 0.019965 0.016667
8 0.303385 0.554861 0.040799 0.036111
7 0.736979 0.522569 0.092882 0.136111
11 0.337891 0.116840 0.083767 0.017708
8 0.611545 0.300868 0.029514 0.028125
13 0.244575 0.279687 0.142795 0.155903
8 0.612413 0.224306 0.020833 0.013889
8 0.209852 0.464931 0.025608 0.021528
8 0.210938 0.469271 0.019965 0.014931
8 0.187717 0.317188 0.015191 0.010069
11 0.581163 0.131944 0.111979 0.029167
8 0.212457 0.468750 0.018663 0.014583
8 0.692491 0.288021 0.016059 0.012153
8 0.402561 0.503472 0.037760 0.032639
11 0.335720 0.121181 0.093316 0.022917
8 0.650391 0.426389 0.038628 0.031250
