7 0.700394 0.338053 0.121260 0.129883
13 0.700394 0.338053 0.121260 0.129883
10 0.874803 0.601400 0.029921 0.043945
8 0.700394 0.338053 0.121260 0.129883
0 0.601772 0.264160 0.125591 0.107096
9 0.310630 0.300293 0.031496 0.024414
6 0.297244 0.505697 0.246457 0.220378
8 0.696063 0.341960 0.142520 0.150065
6 0.706102 0.336100 0.124016 0.157227
9 0.314764 0.587402 0.148425 0.033529
10 0.875197 0.599447 0.060630 0.053711
11 0.861220 0.597168 0.048425 0.073893
7 0.312795 0.302409 0.039764 0.016276
0 0.603543 0.255208 0.134646 0.090495
0 0.607677 0.273112 0.114567 0.117188
11 0.874803 0.601400 0.029921 0.043945
10 0.861220 0.597168 0.048425 0.073893
11 0.875197 0.599447 0.060630 0.053711
4 0.696063 0.341960 0.142520 0.150065
