8 0.710133 0.430906 0.023256 0.023031
8 0.236503 0.657504 0.013704 0.016345
8 0.777824 0.564636 0.057309 0.027489
8 0.247924 0.312036 0.055648 0.043091
13 0.224668 0.283432 0.099668 0.115156
8 0.768065 0.569465 0.033638 0.028975
8 0.819560 0.475297 0.033638 0.023403
3 0.528862 0.707652 0.450581 0.169391
8 0.258929 0.322437 0.033638 0.025260
8 0.162998 0.792162 0.031146 0.028603
8 0.172342 0.602340 0.030731 0.026374
11 0.326412 0.066308 0.137043 0.035290
8 0.125831 0.635401 0.029900 0.027117
0 0.544228 0.311664 0.133306 0.138930
8 0.186877 0.669019 0.039037 0.034175
8 0.163829 0.704866 0.051080 0.041233
8 0.794435 0.646917 0.024086 0.018202
8 0.844477 0.768016 0.069352 0.062036
8 0.124169 0.635030 0.038206 0.021174
8 0.794020 0.561478 0.024086 0.021174
8 0.159884 0.793091 0.034884 0.031947
8 0.297550 0.606426 0.055233 0.051634
8 0.245847 0.427192 0.036545 0.026003
8 0.236296 0.302749 0.032392 0.025260
8 0.174211 0.599368 0.026993 0.033804
8 0.281354 0.703752 0.036130 0.030089
8 0.665905 0.355684 0.016196 0.018945
8 0.139120 0.753715 0.037375 0.023774
3 0.528239 0.714153 0.457641 0.147474
11 0.325374 0.062593 0.101744 0.038262
8 0.844684 0.763559 0.076412 0.053863
8 0.144934 0.759844 0.039867 0.034547
8 0.169643 0.600483 0.029485 0.025632
8 0.165075 0.706724 0.057724 0.041233
8 0.188538 0.668276 0.034053 0.038633
8 0.367733 0.847697 0.078488 0.079495
8 0.709095 0.431649 0.024502 0.022288
8 0.161752 0.503715 0.023671 0.023774
11 0.099045 0.878158 0.049419 0.053492
8 0.816445 0.475111 0.021595 0.021545
8 0.123339 0.636330 0.041528 0.021545
0 0.535299 0.296620 0.135382 0.113299
8 0.297342 0.246285 0.034053 0.031947
0 0.539452 0.301634 0.127907 0.110698
11 0.639743 0.059435 0.121678 0.027489
8 0.161545 0.733098 0.095515 0.161590
