8 0.271267 0.386458 0.172743 0.138194
11 0.174913 0.691319 0.020833 0.037500
3 0.550347 0.626215 0.452257 0.098958
10 0.174913 0.691319 0.020833 0.037500
11 0.682292 0.123958 0.120660 0.027083
0 0.590495 0.315451 0.105469 0.124653
8 0.255859 0.388715 0.189670 0.130903
7 0.255859 0.388715 0.189670 0.130903
11 0.360677 0.127951 0.158854 0.041319
3 0.558594 0.630903 0.455729 0.104167
0 0.573351 0.303993 0.130208 0.100347
13 0.343750 0.609896 0.057292 0.021181
8 0.274523 0.389583 0.161024 0.134722
11 0.358507 0.124132 0.151910 0.041319
