13 0.230035 0.349826 0.219618 0.221181
11 0.624349 0.248438 0.235677 0.097569
11 0.680990 0.251736 0.130208 0.075000
13 0.231771 0.330208 0.203125 0.137500
11 0.191189 0.333333 0.244358 0.219444
11 0.226780 0.258333 0.118490 0.088889
13 0.654514 0.358333 0.181424 0.179861
7 0.624349 0.248438 0.235677 0.097569
13 0.239583 0.348611 0.216146 0.178472
11 0.313151 0.231944 0.108073 0.049306
11 0.614149 0.230729 0.170139 0.070486
13 0.669271 0.317188 0.208333 0.131597
13 0.669922 0.368924 0.231337 0.252431
