9 0.819661 0.659375 0.044705 0.065278
9 0.860894 0.559549 0.040365 0.066319
9 0.808377 0.566319 0.142795 0.261111
9 0.759983 0.375347 0.041667 0.054167
9 0.880642 0.501042 0.069444 0.130556
9 0.891059 0.453819 0.038194 0.047917
2 0.880642 0.501042 0.069444 0.130556
9 0.682726 0.516146 0.034722 0.048958
9 0.793620 0.506076 0.062066 0.048958
11 0.595703 0.210243 0.202691 0.044792
9 0.763455 0.379514 0.059896 0.043056
0 0.515842 0.368229 0.106337 0.086458
9 0.802300 0.585590 0.063802 0.060764
9 0.644965 0.366667 0.036458 0.045833
9 0.661675 0.442882 0.074219 0.054514
2 0.860894 0.559549 0.040365 0.066319
9 0.815321 0.654688 0.057726 0.077431
9 0.785373 0.424653 0.043837 0.084028
9 0.798177 0.506597 0.060764 0.058333
2 0.891059 0.453819 0.038194 0.047917
9 0.800130 0.581771 0.055122 0.063542
