0 0.582610 0.335132 0.103037 0.114508
13 0.359544 0.400779 0.134852 0.034772
0 0.574295 0.326439 0.121114 0.089329
7 0.745842 0.476769 0.229212 0.474520
11 0.135756 0.776978 0.071945 0.053957
10 0.128163 0.769784 0.024223 0.022182
11 0.131417 0.767386 0.041576 0.065348
10 0.131417 0.767386 0.041576 0.065348
10 0.135756 0.776978 0.071945 0.053957
0 0.524584 0.403028 0.224150 0.229916
7 0.298445 0.440797 0.310557 0.501499
13 0.219270 0.411871 0.036515 0.011391
11 0.128163 0.769784 0.024223 0.022182
13 0.177151 0.477218 0.049892 0.023381
