8 0.311287 0.568555 0.014554 0.018989
10 0.151197 0.729321 0.032018 0.060509
11 0.797380 0.455584 0.195666 0.249437
9 0.238680 0.673479 0.087322 0.042807
10 0.167206 0.718056 0.056921 0.072095
9 0.784767 0.497908 0.052070 0.128098
7 0.802555 0.470550 0.174968 0.217573
11 0.792367 0.740264 0.084735 0.036048
13 0.239974 0.508690 0.047865 0.049887
9 0.859153 0.504506 0.051423 0.131638
8 0.715718 0.386064 0.236093 0.236563
7 0.285737 0.345027 0.147154 0.200193
13 0.253234 0.554071 0.144890 0.154812
11 0.802555 0.470550 0.174968 0.217573
9 0.282988 0.341809 0.141656 0.190537
11 0.624191 0.119730 0.087969 0.048278
11 0.285737 0.345027 0.147154 0.200193
8 0.259702 0.528162 0.119017 0.054071
2 0.793499 0.738172 0.074062 0.033151
11 0.272316 0.344706 0.151358 0.175089
11 0.829884 0.275507 0.031048 0.048278
13 0.285737 0.345027 0.147154 0.200193
11 0.151197 0.729321 0.032018 0.060509
7 0.829884 0.275507 0.031048 0.048278
13 0.266009 0.556807 0.077296 0.032185
11 0.167206 0.718056 0.056921 0.072095
2 0.792367 0.740264 0.084735 0.036048
8 0.244664 0.615706 0.020375 0.019955
0 0.574062 0.324911 0.109961 0.125845
11 0.798997 0.739781 0.094114 0.043450
11 0.187904 0.613453 0.103493 0.251690
