10 0.252116 0.649740 0.032878 0.037760
13 0.339518 0.538086 0.229167 0.238932
13 0.333822 0.434245 0.197591 0.409505
3 0.588867 0.574219 0.305990 0.118490
2 0.606771 0.549967 0.022135 0.024414
6 0.339518 0.538086 0.229167 0.238932
6 0.699056 0.435547 0.155273 0.202474
5 0.333822 0.434245 0.197591 0.409505
9 0.606771 0.549967 0.022135 0.024414
11 0.379395 0.130208 0.054362 0.035156
0 0.576823 0.269694 0.087240 0.085612
9 0.592448 0.589030 0.029297 0.032227
11 0.252116 0.649740 0.032878 0.037760
0 0.582845 0.265299 0.073242 0.081380
6 0.324056 0.477214 0.187174 0.292969
9 0.536133 0.495443 0.138021 0.516927
11 0.656087 0.140462 0.132487 0.050456
13 0.324056 0.477214 0.187174 0.292969
9 0.606120 0.548828 0.026042 0.030599
13 0.704427 0.466471 0.199219 0.324219
9 0.515137 0.497884 0.101888 0.290039
5 0.704427 0.466471 0.199219 0.324219
6 0.698730 0.436198 0.127279 0.167318
13 0.699056 0.435547 0.155273 0.202474
0 0.577311 0.275065 0.083659 0.107422
