11 0.071013 0.774501 0.040320 0.071303
10 0.071013 0.774501 0.040320 0.071303
11 0.246458 0.226379 0.075191 0.049002
9 0.085543 0.681631 0.014166 0.010563
10 0.932256 0.816461 0.057029 0.072477
11 0.932256 0.816461 0.057029 0.072477
11 0.927534 0.814847 0.051943 0.046362
0 0.579186 0.400675 0.154377 0.169894
13 0.281693 0.335094 0.090447 0.052230
10 0.927534 0.814847 0.051943 0.046362
7 0.277515 0.614290 0.184526 0.147007
9 0.281693 0.335094 0.090447 0.052230
0 0.579731 0.377054 0.127861 0.106221
0 0.512169 0.388351 0.270251 0.149354
