0 0.491536 0.304340 0.121962 0.101736
8 0.720486 0.392014 0.092882 0.293750
8 0.146918 0.412153 0.029948 0.027778
8 0.098958 0.550347 0.037326 0.025694
8 0.180339 0.589063 0.040365 0.032292
8 0.746528 0.469444 0.052083 0.045833
3 0.524089 0.582639 0.476128 0.170833
10 0.778429 0.600174 0.071615 0.111458
3 0.527127 0.582986 0.483073 0.127083
3 0.502170 0.605208 0.449653 0.149306
8 0.149306 0.326910 0.028646 0.026042
8 0.224609 0.331076 0.023003 0.017708
11 0.778429 0.600174 0.071615 0.111458
8 0.194444 0.384028 0.239583 0.433333
10 0.763021 0.601736 0.092014 0.106250
8 0.690755 0.405208 0.029948 0.029861
8 0.682075 0.476389 0.035156 0.026389
8 0.143446 0.502778 0.046441 0.036806
8 0.204427 0.276389 0.037326 0.027083
8 0.726562 0.391319 0.032118 0.031250
8 0.678168 0.390278 0.224392 0.305556
8 0.196181 0.402604 0.240451 0.447569
8 0.303168 0.183681 0.028212 0.025000
8 0.289714 0.427778 0.044705 0.036111
7 0.194444 0.384028 0.239583 0.433333
10 0.771050 0.578125 0.081163 0.065972
