13 0.756598 0.326154 0.085235 0.055469
12 0.839693 0.663929 0.110200 0.049892
10 0.866084 0.698017 0.074536 0.039355
12 0.790835 0.676945 0.216476 0.036257
9 0.045471 0.524171 0.055991 0.295321
10 0.817047 0.707468 0.177603 0.028509
12 0.270150 0.365045 0.260699 0.209482
9 0.271041 0.479238 0.307418 0.198017
8 0.733773 0.560892 0.043866 0.055779
12 0.238588 0.465603 0.375178 0.696932
12 0.845756 0.677099 0.091655 0.028509
12 0.138552 0.717230 0.152282 0.228385
12 0.264087 0.237062 0.289230 0.244809
12 0.126605 0.720483 0.121255 0.208243
7 0.734843 0.560273 0.050999 0.044004
10 0.844508 0.678029 0.114123 0.063836
6 0.271041 0.479238 0.307418 0.198017
9 0.039408 0.535792 0.060984 0.309266
9 0.043688 0.529439 0.031027 0.315153
12 0.133916 0.716920 0.158702 0.235203
