13 0.662254 0.408390 0.171779 0.425242
13 0.734743 0.833991 0.172748 0.139835
7 0.703907 0.226067 0.100097 0.079957
7 0.666129 0.234672 0.144656 0.118681
11 0.786245 0.957870 0.020665 0.045536
13 0.782209 0.820186 0.070714 0.087128
7 0.639490 0.181427 0.059735 0.068842
13 0.659025 0.233596 0.220213 0.208318
8 0.637552 0.176228 0.061027 0.064898
11 0.783339 0.958229 0.023248 0.044819
0 0.552147 0.359986 0.080723 0.091072
10 0.783339 0.958229 0.023248 0.044819
2 0.572167 0.369667 0.025186 0.056651
2 0.581369 0.407494 0.020988 0.029043
11 0.644495 0.121907 0.082015 0.019362
13 0.666129 0.234672 0.144656 0.118681
10 0.786245 0.957870 0.020665 0.045536
