11 0.127604 0.507292 0.072917 0.076389
9 0.282769 0.410243 0.126302 0.151042
10 0.127604 0.507292 0.072917 0.076389
0 0.560113 0.277778 0.101128 0.090972
1 0.273872 0.397743 0.151910 0.190625
11 0.675998 0.113542 0.186198 0.084722
3 0.534505 0.523264 0.480469 0.143056
13 0.273872 0.397743 0.151910 0.190625
11 0.300130 0.115104 0.097656 0.038542
3 0.537109 0.494965 0.443142 0.151736
0 0.556858 0.273090 0.107639 0.076736
11 0.703125 0.115104 0.107639 0.064931
10 0.180773 0.510590 0.163628 0.189236
13 0.282986 0.393403 0.144965 0.166667
6 0.239583 0.449479 0.203993 0.083681
11 0.180773 0.510590 0.163628 0.189236
11 0.712674 0.120139 0.090278 0.057639
