0 0.562012 0.285319 0.160482 0.158529
6 0.384440 0.496745 0.212240 0.213542
13 0.783040 0.440755 0.211263 0.278646
3 0.624674 0.493815 0.301432 0.132161
8 0.393392 0.338379 0.019857 0.017253
11 0.659017 0.115072 0.121419 0.027018
7 0.840658 0.499186 0.104492 0.174154
6 0.380208 0.532715 0.250651 0.215169
5 0.354818 0.376953 0.164062 0.422526
11 0.808919 0.320964 0.064453 0.112630
6 0.786458 0.479655 0.250651 0.224284
6 0.750814 0.368001 0.114258 0.093424
7 0.750814 0.368001 0.114258 0.093424
0 0.590007 0.242025 0.111654 0.092122
8 0.323568 0.405111 0.026693 0.016602
6 0.783040 0.440755 0.211263 0.278646
13 0.747070 0.365885 0.136068 0.048177
