13 0.220321 0.413900 0.114525 0.095378
8 0.257507 0.253418 0.010824 0.012695
8 0.219274 0.417969 0.023743 0.013672
11 0.373953 0.132812 0.068436 0.024089
8 0.253317 0.402832 0.017109 0.014648
11 0.790154 0.907227 0.083799 0.120443
8 0.256809 0.218913 0.016411 0.011393
11 0.162709 0.867676 0.090084 0.093424
13 0.208450 0.390788 0.142458 0.049805
11 0.141236 0.863770 0.089735 0.109701
11 0.124651 0.873698 0.135475 0.142578
11 0.203212 0.226888 0.035615 0.075521
13 0.702689 0.533854 0.160265 0.078125
8 0.245635 0.263997 0.012919 0.011068
13 0.239525 0.429362 0.057961 0.075521
10 0.791027 0.880046 0.065293 0.069336
8 0.281250 0.237467 0.019204 0.012695
10 0.773045 0.898600 0.085894 0.101237
11 0.202514 0.235514 0.057263 0.096680
11 0.619937 0.136882 0.083450 0.020508
11 0.773045 0.898600 0.085894 0.101237
13 0.257856 0.246745 0.070880 0.060547
10 0.162709 0.867676 0.090084 0.093424
8 0.259427 0.457520 0.020251 0.015951
11 0.791027 0.880046 0.065293 0.069336
10 0.790154 0.907227 0.083799 0.120443
10 0.141236 0.863770 0.089735 0.109701
13 0.258554 0.244792 0.046439 0.054036
10 0.124651 0.873698 0.135475 0.142578
