11 0.897659 0.876741 0.071215 0.077012
10 0.123257 0.800310 0.075199 0.069659
10 0.110558 0.790635 0.077689 0.109907
10 0.876992 0.858359 0.089641 0.068111
3 0.606823 0.292763 0.130976 0.101006
11 0.876992 0.858359 0.089641 0.068111
10 0.897659 0.876741 0.071215 0.077012
8 0.472112 0.146091 0.018924 0.020511
11 0.118277 0.793731 0.027390 0.032508
9 0.472112 0.146091 0.018924 0.020511
11 0.110558 0.790635 0.077689 0.109907
11 0.891932 0.862810 0.035857 0.029025
11 0.123257 0.800310 0.075199 0.069659
