8 0.731181 0.410037 0.103121 0.105263
8 0.788709 0.414015 0.024786 0.024480
8 0.325428 0.568237 0.043146 0.043452
8 0.869339 0.449969 0.050184 0.042534
8 0.811047 0.585679 0.049266 0.040392
8 0.318849 0.726438 0.060588 0.102815
8 0.729345 0.302020 0.035802 0.025704
8 0.811659 0.583537 0.044370 0.045900
8 0.348225 0.451346 0.025092 0.027540
8 0.765606 0.650857 0.023868 0.024480
7 0.852356 0.315024 0.090269 0.095165
8 0.852356 0.315024 0.090269 0.095165
8 0.870257 0.728580 0.024480 0.022032
8 0.764688 0.395655 0.040392 0.040392
8 0.730569 0.300337 0.029682 0.030294
8 0.837668 0.502754 0.036414 0.025704
8 0.832007 0.502448 0.044676 0.033660
8 0.676561 0.748929 0.037332 0.037638
7 0.350061 0.545288 0.240514 0.164627
8 0.732405 0.299572 0.033354 0.030600
7 0.400245 0.571756 0.135863 0.120869
8 0.824357 0.387393 0.042840 0.034884
8 0.847001 0.314718 0.077723 0.099449
8 0.823133 0.606793 0.042228 0.036108
8 0.868574 0.728733 0.024786 0.024786
8 0.364290 0.533354 0.246940 0.243574
8 0.348531 0.291004 0.043452 0.044064
8 0.880967 0.636781 0.022032 0.019584
8 0.496940 0.678244 0.047124 0.061506
7 0.275092 0.506426 0.074051 0.080783
8 0.314565 0.693390 0.042228 0.042228
8 0.331089 0.631273 0.053856 0.039168
8 0.392289 0.441707 0.045288 0.046206
8 0.696909 0.376530 0.034578 0.030906
8 0.848837 0.316554 0.083231 0.100061
8 0.875459 0.666310 0.026928 0.024786
8 0.814565 0.584302 0.047124 0.045594
8 0.698133 0.374847 0.035190 0.034884
8 0.881273 0.635404 0.016524 0.017442
8 0.823592 0.383109 0.035190 0.036108
8 0.874541 0.668299 0.026928 0.028152
8 0.868727 0.448439 0.050184 0.046206
4 0.350061 0.545288 0.240514 0.164627
8 0.834914 0.500000 0.033966 0.028764
8 0.324204 0.752448 0.035190 0.040392
8 0.371175 0.492044 0.030600 0.025704
8 0.691095 0.426561 0.029682 0.028764
8 0.396267 0.603274 0.248470 0.360159
0 0.624694 0.339657 0.101897 0.111995
8 0.690636 0.424878 0.036720 0.033966
8 0.323286 0.722154 0.055998 0.055080
8 0.820379 0.386934 0.042840 0.033354
