10 0.111786 0.872241 0.080663 0.078956
13 0.316390 0.331365 0.201105 0.147964
13 0.720626 0.314113 0.267772 0.279453
13 0.309576 0.240752 0.194843 0.150762
11 0.111786 0.872241 0.080663 0.078956
6 0.316390 0.331365 0.201105 0.147964
11 0.106077 0.854367 0.033149 0.023935
13 0.309576 0.361051 0.227256 0.220392
11 0.678637 0.177028 0.164641 0.076780
11 0.682873 0.167392 0.215838 0.112838
11 0.329834 0.227230 0.225783 0.130556
11 0.670350 0.169102 0.162799 0.065900
13 0.735175 0.299192 0.243094 0.235312
13 0.734622 0.288001 0.222099 0.193659
1 0.296501 0.227075 0.180479 0.119677
13 0.314180 0.318154 0.208471 0.224744
6 0.734622 0.288001 0.222099 0.193659
