13 0.700968 0.227543 0.141049 0.071386
1 0.777075 0.216984 0.093785 0.086556
13 0.715668 0.262939 0.229252 0.182035
8 0.166729 0.580756 0.042426 0.021118
10 0.127466 0.653629 0.126163 0.183522
8 0.702084 0.323914 0.076293 0.111243
7 0.252326 0.355294 0.264235 0.419691
10 0.866952 0.849643 0.086714 0.095479
1 0.318385 0.175937 0.254931 0.117490
4 0.328433 0.457466 0.241533 0.429506
1 0.312430 0.279447 0.176033 0.250744
11 0.866952 0.849643 0.086714 0.095479
10 0.871418 0.859310 0.067361 0.081499
8 0.827131 0.536734 0.028656 0.030637
11 0.127466 0.653629 0.126163 0.183522
13 0.252326 0.355294 0.264235 0.419691
11 0.163379 0.429358 0.117603 0.402439
11 0.290287 0.163296 0.213621 0.081499
11 0.194269 0.664485 0.218087 0.121951
8 0.828991 0.535396 0.031634 0.029744
13 0.682732 0.288221 0.223670 0.251041
2 0.727205 0.226353 0.077410 0.071981
2 0.163379 0.429358 0.117603 0.402439
11 0.734276 0.163296 0.197990 0.116002
2 0.187198 0.482153 0.085597 0.264128
13 0.187198 0.482153 0.085597 0.264128
2 0.828991 0.535396 0.031634 0.029744
2 0.715668 0.262939 0.229252 0.182035
2 0.827131 0.537180 0.031634 0.035693
10 0.163751 0.685158 0.188314 0.225758
11 0.871418 0.859310 0.067361 0.081499
