0 0.652344 0.354340 0.098090 0.098958
10 0.879557 0.694271 0.074219 0.071875
7 0.332031 0.555729 0.145833 0.107986
4 0.321615 0.328125 0.079861 0.052778
11 0.375868 0.186979 0.164063 0.055903
8 0.315972 0.334028 0.056424 0.043750
7 0.315972 0.334028 0.056424 0.043750
11 0.132812 0.627951 0.072917 0.104514
11 0.382378 0.184722 0.158854 0.050694
8 0.321615 0.328125 0.079861 0.052778
0 0.636068 0.377257 0.119358 0.120486
8 0.319444 0.332465 0.065972 0.040625
13 0.344184 0.281597 0.176215 0.155556
11 0.879557 0.694271 0.074219 0.071875
7 0.325087 0.553472 0.257813 0.127083
6 0.329861 0.562153 0.165799 0.108333
11 0.387370 0.183854 0.163628 0.035069
6 0.345703 0.340972 0.167969 0.179861
10 0.132812 0.627951 0.072917 0.104514
6 0.332031 0.555729 0.145833 0.107986
