10 0.093316 0.814583 0.079861 0.089583
9 0.602214 0.328993 0.036892 0.014931
13 0.683811 0.516840 0.104601 0.062847
10 0.092231 0.811458 0.080295 0.104861
11 0.703559 0.839063 0.129340 0.062153
1 0.291884 0.341667 0.174913 0.213889
13 0.291884 0.341667 0.174913 0.213889
2 0.700955 0.842535 0.117188 0.048264
11 0.092231 0.811458 0.080295 0.104861
10 0.110243 0.816146 0.083333 0.062153
11 0.278212 0.757292 0.162326 0.077778
2 0.698785 0.845139 0.137153 0.043750
13 0.713976 0.491493 0.105903 0.082292
11 0.093316 0.814583 0.079861 0.089583
11 0.752387 0.852778 0.071615 0.107639
13 0.618707 0.332813 0.164497 0.137847
9 0.400391 0.345486 0.157552 0.261806
9 0.392795 0.258854 0.034722 0.026042
13 0.293837 0.391493 0.151042 0.090625
9 0.406901 0.285069 0.123698 0.165278
7 0.620226 0.295660 0.192708 0.093403
11 0.320964 0.286111 0.234809 0.122917
10 0.719618 0.836979 0.092882 0.081597
11 0.679036 0.300521 0.113281 0.109375
1 0.303168 0.302431 0.183594 0.134722
13 0.723741 0.489931 0.050781 0.054167
