13 0.302938 0.441097 0.084916 0.069059
0 0.555894 0.306364 0.130777 0.114421
13 0.303475 0.436188 0.084558 0.083615
13 0.301326 0.599695 0.075958 0.246107
3 0.607847 0.654367 0.451809 0.148951
3 0.609996 0.651490 0.452526 0.146581
3 0.607847 0.635240 0.452526 0.182464
7 0.272483 0.599695 0.063418 0.051794
13 0.326944 0.577014 0.033321 0.143196
13 0.296130 0.429756 0.077033 0.070074
7 0.203153 0.605281 0.056611 0.037238
13 0.194196 0.455992 0.080975 0.025051
13 0.222322 0.581415 0.098531 0.051117
11 0.130598 0.658260 0.071301 0.120176
13 0.230921 0.585477 0.050520 0.036222
