13 0.324550 0.211707 0.318841 0.262439
5 0.319939 0.198780 0.305226 0.195610
11 0.874835 0.819268 0.127361 0.134146
11 0.270751 0.195854 0.121651 0.161463
2 0.779534 0.763659 0.087835 0.060000
11 0.324550 0.211707 0.318841 0.262439
1 0.324550 0.211707 0.318841 0.262439
0 0.552701 0.337317 0.290294 0.279512
13 0.319939 0.198780 0.305226 0.195610
13 0.338164 0.243659 0.120334 0.162439
2 0.338164 0.243659 0.120334 0.162439
0 0.561924 0.306585 0.291173 0.206341
3 0.608256 0.680000 0.563022 0.275122
