13 0.241071 0.420114 0.313025 0.555898
1 0.254202 0.421215 0.383403 0.613556
11 0.048845 0.727333 0.066176 0.054137
1 0.241071 0.420114 0.313025 0.555898
11 0.056460 0.730194 0.083508 0.091549
10 0.048845 0.727333 0.066176 0.054137
5 0.215074 0.420775 0.349265 0.590669
13 0.254202 0.421215 0.383403 0.613556
13 0.215074 0.420775 0.349265 0.590669
10 0.056460 0.730194 0.083508 0.091549
11 0.962973 0.901629 0.051996 0.062940
9 0.254202 0.421215 0.383403 0.613556
4 0.303571 0.491857 0.153361 0.353433
9 0.241071 0.420114 0.313025 0.555898
10 0.962973 0.901629 0.051996 0.062940
