13 0.690188 0.250570 0.107003 0.121864
13 0.678813 0.221571 0.030217 0.071033
13 0.701742 0.259531 0.141486 0.125448
11 0.247778 0.711470 0.035549 0.033561
11 0.628866 0.186706 0.112336 0.046269
13 0.289904 0.287390 0.047280 0.063213
8 0.298614 0.304659 0.019197 0.019550
0 0.583363 0.365754 0.121578 0.156729
0 0.581052 0.359238 0.126200 0.133268
3 0.566299 0.662268 0.365446 0.159335
11 0.381621 0.192571 0.161749 0.063864
11 0.773018 0.744379 0.027373 0.023135
8 0.338606 0.352069 0.013153 0.012056
11 0.374511 0.184262 0.087807 0.049853
8 0.337007 0.351254 0.015642 0.013685
0 0.579097 0.352395 0.136509 0.135875
3 0.567899 0.686380 0.368646 0.124145
13 0.328119 0.301890 0.079630 0.150863
