6 0.319173 0.616211 0.106445 0.069010
13 0.303548 0.423014 0.112956 0.046549
3 0.564290 0.651204 0.379232 0.138997
11 0.390299 0.222168 0.091797 0.019857
8 0.815267 0.601725 0.019857 0.023763
11 0.393229 0.223796 0.105469 0.027018
6 0.306478 0.426270 0.113607 0.049154
9 0.271159 0.705566 0.105469 0.073893
11 0.636882 0.214355 0.124023 0.031576
3 0.566732 0.658040 0.389323 0.154622
9 0.815267 0.601725 0.019857 0.023763
3 0.568034 0.634766 0.396484 0.192057
11 0.613607 0.207357 0.095052 0.036458
11 0.395345 0.223307 0.112305 0.022786
0 0.563965 0.372233 0.099284 0.107747
7 0.271159 0.705566 0.105469 0.073893
13 0.293945 0.420410 0.103516 0.023112
11 0.626953 0.213216 0.129557 0.034505
