8 0.329264 0.378743 0.109049 0.094727
8 0.329102 0.375163 0.098307 0.101888
11 0.405924 0.149740 0.136068 0.095052
4 0.329264 0.378743 0.109049 0.094727
11 0.282227 0.534831 0.127604 0.119141
7 0.347331 0.434408 0.202474 0.232096
11 0.279785 0.287598 0.111654 0.370768
8 0.325684 0.373210 0.122721 0.094727
11 0.365885 0.199056 0.191406 0.197591
4 0.325684 0.373210 0.122721 0.094727
7 0.325684 0.373210 0.122721 0.094727
7 0.346029 0.481934 0.179687 0.124674
10 0.331706 0.557617 0.233724 0.107422
10 0.330729 0.582031 0.202474 0.192708
