7 0.689364 0.476978 0.288538 0.486331
7 0.372080 0.363849 0.180740 0.246403
11 0.380525 0.323022 0.202659 0.155396
11 0.688286 0.398381 0.293568 0.309712
11 0.174632 0.700000 0.090550 0.262590
11 0.823392 0.593705 0.060007 0.231295
7 0.684872 0.386871 0.289616 0.294604
7 0.360223 0.344964 0.127560 0.096403
8 0.689364 0.476978 0.288538 0.486331
7 0.174632 0.700000 0.090550 0.262590
11 0.179662 0.635791 0.080489 0.475899
7 0.813151 0.594784 0.061085 0.270144
11 0.689364 0.476978 0.288538 0.486331
11 0.372080 0.363849 0.180740 0.246403
11 0.178584 0.636331 0.077614 0.426619
7 0.357528 0.364388 0.235717 0.244604
7 0.647862 0.336511 0.130075 0.101079
11 0.813151 0.594784 0.061085 0.270144
8 0.174632 0.700000 0.090550 0.262590
11 0.357528 0.364388 0.235717 0.244604
11 0.684872 0.386871 0.289616 0.294604
7 0.179662 0.635791 0.080489 0.475899
8 0.372080 0.363849 0.180740 0.246403
