0 0.490885 0.283160 0.102431 0.073958
6 0.614800 0.202257 0.207899 0.066319
10 0.046007 0.568403 0.074653 0.062500
7 0.157335 0.394444 0.223524 0.308333
11 0.575087 0.152951 0.202257 0.055903
4 0.297960 0.306771 0.167969 0.291319
3 0.493056 0.578125 0.423611 0.134722
6 0.149523 0.379167 0.180122 0.325694
10 0.113498 0.559722 0.196615 0.134028
4 0.296441 0.285417 0.130208 0.198611
7 0.303168 0.343229 0.119358 0.332986
13 0.177517 0.390278 0.173611 0.050694
11 0.046007 0.568403 0.074653 0.062500
3 0.483941 0.554688 0.473958 0.180903
3 0.493707 0.558681 0.444010 0.143750
0 0.486545 0.303993 0.149306 0.126736
10 0.137370 0.589063 0.219184 0.095486
7 0.297960 0.306771 0.167969 0.291319
0 0.496745 0.313021 0.148003 0.144792
