0 0.566560 0.294722 0.145950 0.129649
3 0.521051 0.803932 0.457498 0.174637
13 0.296111 0.320581 0.174419 0.311725
11 0.111267 0.841835 0.069366 0.158342
6 0.290497 0.333156 0.218524 0.273822
6 0.738372 0.345023 0.151965 0.245838
13 0.728549 0.352816 0.207698 0.364860
11 0.115076 0.841835 0.051323 0.074743
9 0.254611 0.796670 0.129912 0.077931
10 0.115076 0.841835 0.051323 0.074743
9 0.314354 0.360786 0.040898 0.065533
13 0.690257 0.314559 0.248998 0.407368
10 0.111267 0.841835 0.069366 0.158342
9 0.311548 0.358661 0.045710 0.054906
0 0.578589 0.312079 0.119487 0.160113
13 0.295509 0.257705 0.196472 0.263904
7 0.254611 0.796670 0.129912 0.077931
