5 0.260168 0.619501 0.280503 0.300587
8 0.246960 0.357955 0.095597 0.064883
2 0.740461 0.310667 0.140881 0.141862
2 0.747589 0.324413 0.120755 0.091642
0 0.516771 0.382698 0.247799 0.230205
2 0.310063 0.265213 0.150524 0.107405
11 0.294340 0.166422 0.162683 0.053519
5 0.250734 0.462793 0.360587 0.627933
8 0.744025 0.300403 0.120335 0.093475
8 0.296436 0.215543 0.034382 0.024927
2 0.260377 0.485521 0.337945 0.608871
5 0.732285 0.492852 0.342558 0.643328
8 0.253459 0.355572 0.091824 0.072581
5 0.750105 0.584128 0.264151 0.395528
8 0.368344 0.422654 0.037317 0.029326
8 0.255556 0.359971 0.048218 0.055718
5 0.734591 0.479472 0.394969 0.710411
