12 0.159420 0.647879 0.035326 0.116443
4 0.225317 0.415551 0.117301 0.127232
4 0.258605 0.513393 0.173913 0.297619
4 0.721920 0.388393 0.318841 0.343750
7 0.245697 0.590402 0.168931 0.144345
7 0.225317 0.415551 0.117301 0.127232
4 0.764266 0.409226 0.215127 0.328125
9 0.255435 0.492374 0.453804 0.620164
7 0.292799 0.489397 0.278533 0.488467
9 0.760870 0.431362 0.467391 0.489211
9 0.783967 0.489397 0.404891 0.596354
3 0.594429 0.579613 0.421649 0.155506
3 0.594429 0.599888 0.424366 0.112723
9 0.922781 0.526972 0.153533 0.540551
7 0.720109 0.489955 0.350543 0.522321
4 0.245697 0.590402 0.168931 0.144345
7 0.764266 0.409226 0.215127 0.328125
9 0.098505 0.515997 0.197011 0.514137
9 0.248641 0.416109 0.449275 0.466890
