8 0.771277 0.736940 0.047872 0.042910
8 0.774823 0.738495 0.054965 0.039801
13 0.157801 0.363029 0.115248 0.050684
11 0.117686 0.812811 0.058954 0.077736
3 0.521941 0.680659 0.460550 0.192786
9 0.771277 0.736940 0.047872 0.042910
0 0.573360 0.309701 0.135195 0.101990
10 0.117686 0.812811 0.058954 0.077736
13 0.293218 0.233520 0.212323 0.184080
6 0.251330 0.299907 0.290780 0.170087
13 0.251330 0.299907 0.290780 0.170087
13 0.246676 0.309701 0.275266 0.148010
0 0.574911 0.330224 0.156915 0.132463
13 0.271277 0.344216 0.111702 0.046020
0 0.579122 0.304571 0.133422 0.087998
3 0.523715 0.657960 0.465869 0.165423
