11 0.614909 0.148600 0.127604 0.049154
1 0.369141 0.195312 0.183594 0.115234
13 0.666667 0.214355 0.094401 0.084310
6 0.678223 0.229980 0.075846 0.084961
6 0.361491 0.313314 0.177409 0.232747
13 0.361491 0.313314 0.177409 0.232747
11 0.385091 0.199544 0.188151 0.171224
13 0.390951 0.278483 0.085937 0.118815
7 0.385091 0.199544 0.188151 0.171224
13 0.681315 0.237956 0.041667 0.065755
1 0.385091 0.199544 0.188151 0.171224
11 0.386230 0.172852 0.143555 0.082682
4 0.388509 0.281250 0.146159 0.196615
13 0.388509 0.281250 0.146159 0.196615
13 0.637370 0.331217 0.087891 0.095378
6 0.714355 0.446940 0.142253 0.277995
