11 0.185630 0.590983 0.046850 0.047201
0 0.566535 0.216146 0.074803 0.048828
5 0.725591 0.369954 0.259843 0.293945
5 0.284055 0.328939 0.191732 0.434570
11 0.637795 0.085938 0.100000 0.018229
11 0.643307 0.096842 0.096850 0.032227
0 0.560827 0.237793 0.101181 0.086263
3 0.563780 0.472493 0.370866 0.125326
3 0.594488 0.492676 0.400787 0.125326
10 0.182480 0.594727 0.057874 0.031901
5 0.318110 0.398926 0.231496 0.286784
9 0.766929 0.365072 0.196850 0.340820
6 0.284055 0.328939 0.191732 0.434570
10 0.185630 0.590983 0.046850 0.047201
5 0.766929 0.365072 0.196850 0.340820
11 0.182480 0.594727 0.057874 0.031901
6 0.725591 0.369954 0.259843 0.293945
6 0.297244 0.393392 0.274016 0.355794
5 0.297244 0.393392 0.274016 0.355794
13 0.766929 0.365072 0.196850 0.340820
3 0.595472 0.500977 0.425591 0.059896
0 0.569291 0.235514 0.102362 0.091471
11 0.386024 0.095703 0.117717 0.024089
13 0.318110 0.398926 0.231496 0.286784
9 0.318110 0.398926 0.231496 0.286784
6 0.724213 0.304525 0.212205 0.325846
5 0.724213 0.304525 0.212205 0.325846
