6 0.824502 0.657552 0.185236 0.575521
8 0.414629 0.556362 0.175272 0.191592
7 0.388134 0.359375 0.247283 0.188988
7 0.814538 0.624070 0.184330 0.583705
5 0.798913 0.623884 0.220109 0.616071
7 0.414629 0.556362 0.175272 0.191592
4 0.268569 0.488653 0.229167 0.175967
7 0.327446 0.496280 0.268116 0.254464
4 0.324728 0.517485 0.280797 0.231399
11 0.384964 0.302827 0.253623 0.107887
5 0.293252 0.548549 0.416214 0.564360
6 0.388134 0.359375 0.247283 0.188988
4 0.327446 0.496280 0.268116 0.254464
6 0.814538 0.624070 0.184330 0.583705
