7 0.231201 0.577800 0.059082 0.041200
13 0.243896 0.431000 0.095215 0.086000
11 0.184814 0.844800 0.053223 0.043200
9 0.293213 0.484600 0.177246 0.274800
10 0.184814 0.844800 0.053223 0.043200
13 0.293213 0.484600 0.177246 0.274800
10 0.838379 0.863800 0.049805 0.058000
9 0.299561 0.751600 0.183105 0.125600
13 0.268066 0.499800 0.139648 0.206800
13 0.271240 0.541600 0.178223 0.046400
7 0.804199 0.700200 0.041992 0.027600
11 0.838379 0.863800 0.049805 0.058000
5 0.293213 0.484600 0.177246 0.274800
