8 0.248622 0.295085 0.036614 0.028971
10 0.730709 0.479655 0.278740 0.183268
8 0.247441 0.459961 0.061811 0.049479
8 0.309252 0.530924 0.073622 0.054036
8 0.292323 0.335612 0.310630 0.545573
8 0.304921 0.201335 0.162598 0.198242
8 0.310433 0.525879 0.071260 0.058919
6 0.332677 0.354655 0.159843 0.176107
7 0.739764 0.397949 0.220472 0.090820
8 0.220866 0.534831 0.055906 0.059896
8 0.245276 0.355957 0.021260 0.017253
10 0.764173 0.481934 0.258268 0.267904
8 0.358465 0.134115 0.024016 0.015625
8 0.237598 0.406576 0.069685 0.052734
8 0.257087 0.223796 0.031496 0.025065
8 0.244094 0.459147 0.069291 0.050456
13 0.832480 0.376953 0.036614 0.052734
7 0.744094 0.410482 0.138583 0.057943
7 0.760039 0.415853 0.148425 0.054362
10 0.756496 0.509440 0.212992 0.216146
8 0.338189 0.154622 0.020472 0.016276
8 0.350591 0.196615 0.040551 0.037109
8 0.314764 0.469564 0.052362 0.045898
7 0.332677 0.354655 0.159843 0.176107
8 0.315551 0.468587 0.060236 0.053711
8 0.161417 0.569661 0.032283 0.023438
8 0.236024 0.406250 0.075197 0.059896
8 0.222441 0.535807 0.076378 0.059245
