9 0.925962 0.572312 0.109615 0.758959
12 0.462019 0.597696 0.564423 0.118601
9 0.100481 0.607082 0.188462 0.782423
0 0.596394 0.240188 0.085096 0.067406
9 0.499279 0.502560 0.957212 0.980375
8 0.602163 0.244027 0.074519 0.067406
9 0.731010 0.059727 0.339904 0.114334
3 0.574519 0.530077 0.425962 0.103669
3 0.571875 0.499147 0.414904 0.165529
9 0.532692 0.076792 0.641346 0.099829
9 0.903846 0.597483 0.159615 0.792235
9 0.306731 0.069539 0.287500 0.113481
9 0.464904 0.594923 0.597115 0.120734
9 0.084615 0.558874 0.125962 0.773038
9 0.462019 0.597696 0.564423 0.118601
3 0.572837 0.504053 0.412019 0.132679
9 0.425962 0.594923 0.532692 0.133532
