6 0.824696 0.651274 0.186235 0.169811
6 0.804049 0.581761 0.199190 0.373055
10 0.236640 0.452830 0.304049 0.528302
10 0.247166 0.525985 0.350202 0.421715
10 0.884211 0.760179 0.116599 0.124131
11 0.265182 0.209368 0.149798 0.054618
6 0.762146 0.554783 0.248178 0.374048
4 0.303644 0.388944 0.246964 0.384641
11 0.298785 0.552963 0.233198 0.077789
7 0.295951 0.434459 0.252632 0.285005
10 0.268826 0.561072 0.303644 0.309831
6 0.303644 0.388944 0.246964 0.384641
6 0.272065 0.382158 0.257490 0.230056
