10 0.294097 0.765839 0.285714 0.078001
7 0.372162 0.272047 0.023402 0.038523
11 0.665386 0.205826 0.119455 0.027698
12 0.223542 0.475326 0.172546 0.518306
5 0.736291 0.583572 0.259169 0.361668
10 0.261788 0.773321 0.256025 0.081503
10 0.163814 0.737822 0.042613 0.057625
12 0.268425 0.479784 0.226685 0.497931
5 0.755676 0.549507 0.229480 0.431073
7 0.325533 0.628781 0.147398 0.203120
13 0.325533 0.628781 0.147398 0.203120
7 0.325533 0.519898 0.162068 0.431073
11 0.163814 0.737822 0.042613 0.057625
4 0.325533 0.519898 0.162068 0.431073
5 0.755851 0.602356 0.218652 0.327284
12 0.293224 0.476759 0.287461 0.503343
9 0.755851 0.602356 0.218652 0.327284
