9 0.787543 0.556250 0.172309 0.279167
0 0.564887 0.310417 0.110677 0.128472
10 0.092665 0.714062 0.043837 0.036458
9 0.158420 0.578299 0.059028 0.052431
11 0.092665 0.714062 0.043837 0.036458
9 0.749783 0.450868 0.267795 0.514931
0 0.571615 0.314757 0.098090 0.119097
11 0.884115 0.796007 0.026910 0.036458
13 0.733073 0.261285 0.202257 0.146875
10 0.884115 0.796007 0.026910 0.036458
6 0.158420 0.578299 0.059028 0.052431
11 0.736979 0.441840 0.265625 0.520486
0 0.494141 0.344444 0.263455 0.174306
