0 0.565322 0.323563 0.135825 0.147126
8 0.806625 0.578858 0.065507 0.076778
3 0.602887 0.663011 0.452998 0.152042
8 0.792931 0.722769 0.035899 0.028744
0 0.586973 0.329047 0.104367 0.141452
8 0.805329 0.577723 0.068838 0.069970
8 0.838083 0.642209 0.023316 0.027231
8 0.804959 0.580371 0.058475 0.063162
8 0.823094 0.649962 0.051813 0.048790
3 0.599556 0.683812 0.451517 0.169440
7 0.729275 0.697806 0.047742 0.063540
0 0.563286 0.309191 0.125833 0.132753
7 0.836788 0.643911 0.017024 0.019289
8 0.736121 0.700832 0.040711 0.046899
