3 0.551649 0.639757 0.449653 0.206597
10 0.787543 0.761111 0.124566 0.152778
7 0.787760 0.725347 0.073785 0.092361
7 0.417318 0.346181 0.077691 0.104861
10 0.792752 0.722743 0.142795 0.183681
4 0.215061 0.407813 0.095920 0.074653
7 0.215712 0.578993 0.173611 0.107292
10 0.211589 0.623437 0.249566 0.271875
3 0.534505 0.644271 0.465712 0.202431
10 0.231554 0.622743 0.287760 0.192014
7 0.204644 0.571875 0.180122 0.075694
7 0.235026 0.563021 0.252170 0.116319
10 0.197700 0.622049 0.222656 0.217708
4 0.331380 0.499826 0.127170 0.085069
4 0.215712 0.578993 0.173611 0.107292
6 0.228082 0.404687 0.071615 0.062847
10 0.791884 0.735417 0.167101 0.125694
8 0.417318 0.346181 0.077691 0.104861
7 0.222873 0.405556 0.051649 0.069444
