4 0.711664 0.468045 0.152881 0.119361
6 0.743030 0.520912 0.156134 0.236372
4 0.679136 0.489897 0.069238 0.069079
0 0.593401 0.359492 0.103160 0.120301
4 0.736292 0.587876 0.128717 0.128759
7 0.730716 0.622650 0.107342 0.082707
6 0.736292 0.587876 0.128717 0.128759
7 0.711664 0.468045 0.152881 0.119361
7 0.247212 0.532660 0.203532 0.300282
5 0.247212 0.532660 0.203532 0.300282
10 0.792983 0.673872 0.081320 0.095865
6 0.266264 0.596335 0.163569 0.143797
7 0.736292 0.587876 0.128717 0.128759
4 0.725836 0.612312 0.102230 0.096805
10 0.773002 0.663769 0.133364 0.109492
8 0.247212 0.532660 0.203532 0.300282
13 0.752323 0.446429 0.062268 0.054511
4 0.672165 0.492951 0.080390 0.063910
10 0.762779 0.687030 0.150093 0.120301
3 0.496980 0.638393 0.335037 0.154605
