7 0.735119 0.290112 0.174720 0.125622
11 0.067752 0.926617 0.016457 0.029851
13 0.699055 0.280939 0.174720 0.137749
11 0.712010 0.181281 0.109594 0.041045
0 0.565826 0.400187 0.110644 0.098259
10 0.067752 0.926617 0.016457 0.029851
11 0.896183 0.980566 0.025560 0.033893
11 0.692752 0.187345 0.138305 0.030784
11 0.893732 0.978856 0.044468 0.031716
13 0.224790 0.291667 0.044818 0.018035
10 0.896183 0.980566 0.025560 0.033893
10 0.893732 0.978856 0.044468 0.031716
11 0.716912 0.191387 0.143908 0.050062
13 0.223915 0.289646 0.045168 0.020833
11 0.406513 0.178172 0.088936 0.017413
