8 0.769501 0.552652 0.074883 0.060842
8 0.308502 0.362520 0.029641 0.027691
11 0.403471 0.114470 0.118955 0.040172
8 0.289197 0.449493 0.030811 0.034711
8 0.827028 0.516966 0.031591 0.039392
8 0.301092 0.211778 0.037441 0.024181
8 0.828003 0.513651 0.041342 0.041342
0 0.641966 0.278666 0.120905 0.116615
8 0.826053 0.516381 0.049142 0.038222
8 0.890211 0.742590 0.019891 0.024181
8 0.823518 0.605694 0.028471 0.022621
8 0.215094 0.704368 0.025351 0.023401
8 0.296802 0.536076 0.014821 0.015991
8 0.306747 0.360179 0.026131 0.027691
8 0.298167 0.536271 0.015991 0.016381
8 0.306357 0.363105 0.025351 0.022621
8 0.215874 0.526716 0.040172 0.041732
0 0.640016 0.285686 0.111544 0.136115
3 0.601794 0.713729 0.471919 0.159906
3 0.597699 0.670437 0.460608 0.168487
8 0.782956 0.560257 0.038612 0.040952
8 0.217629 0.531396 0.029641 0.033931
8 0.290367 0.449493 0.032371 0.036271
8 0.302067 0.208268 0.027691 0.028861
8 0.287441 0.448323 0.042122 0.038612
8 0.336973 0.619540 0.024961 0.030031
8 0.778861 0.560647 0.031201 0.034711
8 0.296022 0.536076 0.028861 0.015211
