13 0.316623 0.332986 0.154080 0.087500
13 0.280599 0.323611 0.271267 0.197222
13 0.783854 0.397917 0.190104 0.275000
8 0.783854 0.397917 0.190104 0.275000
11 0.281250 0.312153 0.313368 0.210417
6 0.316623 0.332986 0.154080 0.087500
5 0.279731 0.433854 0.281684 0.362847
5 0.722005 0.423090 0.273872 0.407986
13 0.281250 0.312153 0.313368 0.210417
13 0.626953 0.238715 0.074219 0.084375
1 0.277344 0.289410 0.291667 0.181597
5 0.786241 0.405208 0.179253 0.325000
1 0.280599 0.323611 0.271267 0.197222
