0 0.573770 0.386438 0.109631 0.095588
10 0.884990 0.818832 0.074283 0.082108
7 0.846055 0.685458 0.055840 0.058824
8 0.244621 0.392565 0.053791 0.037582
2 0.199539 0.795139 0.207480 0.077206
11 0.885246 0.657475 0.077869 0.233252
11 0.884990 0.818832 0.074283 0.082108
7 0.244621 0.392565 0.053791 0.037582
9 0.818135 0.618056 0.026639 0.071895
11 0.184426 0.797794 0.176230 0.067810
11 0.847848 0.631127 0.078893 0.169935
7 0.820953 0.619485 0.032275 0.064134
11 0.884221 0.818627 0.035861 0.032680
