13 0.284288 0.275694 0.087674 0.147917
7 0.777995 0.358333 0.290365 0.445833
7 0.669488 0.160069 0.101128 0.070833
9 0.236762 0.499306 0.123698 0.104861
13 0.257812 0.265278 0.126736 0.149306
9 0.823785 0.391667 0.088542 0.148611
5 0.777995 0.358333 0.290365 0.445833
6 0.777995 0.358333 0.290365 0.445833
13 0.669488 0.160069 0.101128 0.070833
6 0.674913 0.172917 0.107639 0.080556
7 0.316189 0.261458 0.199219 0.198611
6 0.816406 0.344792 0.103299 0.193056
6 0.284288 0.275694 0.087674 0.147917
6 0.316189 0.261458 0.199219 0.198611
