3 0.583500 0.680105 0.472000 0.172233
0 0.560750 0.328483 0.114500 0.148378
7 0.282750 0.278865 0.047500 0.031966
8 0.813250 0.452052 0.052500 0.050095
0 0.552250 0.323950 0.122500 0.126908
9 0.204250 0.586832 0.085500 0.093511
9 0.810250 0.454437 0.047500 0.049141
9 0.207500 0.583492 0.078000 0.099237
9 0.813250 0.452052 0.052500 0.050095
7 0.203500 0.593273 0.072000 0.065363
7 0.808250 0.455153 0.059500 0.056298
3 0.582500 0.682252 0.477000 0.172710
3 0.578250 0.702052 0.474500 0.164599
8 0.810250 0.454437 0.047500 0.049141
0 0.554750 0.317510 0.112500 0.121660
7 0.707250 0.298903 0.049500 0.040553
