6 0.709635 0.393924 0.317708 0.511458
13 0.288194 0.325347 0.125000 0.040278
10 0.207899 0.569618 0.078125 0.099653
13 0.748264 0.401910 0.217014 0.471181
6 0.696615 0.399306 0.320312 0.445139
6 0.303168 0.386458 0.248698 0.461111
4 0.290148 0.424132 0.217448 0.280208
6 0.748264 0.401910 0.217014 0.471181
0 0.545356 0.278125 0.127170 0.106250
10 0.203993 0.648958 0.032118 0.033333
7 0.290148 0.424132 0.217448 0.280208
0 0.543403 0.294097 0.140625 0.122222
6 0.297526 0.388542 0.253038 0.390278
13 0.318359 0.263715 0.150608 0.214931
4 0.748264 0.401910 0.217014 0.471181
13 0.312934 0.276215 0.157118 0.131597
11 0.203993 0.648958 0.032118 0.033333
0 0.554253 0.283333 0.120660 0.107639
