11 0.332248 0.129167 0.107205 0.053472
11 0.197917 0.526563 0.065104 0.181597
10 0.202908 0.602431 0.109809 0.088889
2 0.191840 0.535590 0.064236 0.191319
11 0.346137 0.125000 0.104601 0.040278
4 0.273872 0.496007 0.142361 0.104514
7 0.271050 0.500694 0.152344 0.166667
13 0.332899 0.189062 0.144097 0.125347
7 0.289714 0.515972 0.177517 0.159722
2 0.197917 0.526563 0.065104 0.181597
11 0.314453 0.125174 0.078559 0.037847
2 0.199653 0.484549 0.063368 0.108681
0 0.542752 0.301042 0.109809 0.120833
10 0.199870 0.555035 0.094184 0.116319
11 0.191840 0.535590 0.064236 0.191319
11 0.199653 0.484549 0.063368 0.108681
7 0.273872 0.496007 0.142361 0.104514
13 0.345920 0.145139 0.082465 0.029167
