6 0.648112 0.270020 0.054688 0.066081
13 0.647298 0.268229 0.075846 0.085286
6 0.632812 0.292806 0.098958 0.123372
13 0.632812 0.292806 0.098958 0.123372
3 0.503092 0.566895 0.400716 0.114258
13 0.291829 0.236003 0.101888 0.177734
13 0.582520 0.180501 0.081706 0.105143
0 0.503581 0.291829 0.108724 0.096029
6 0.291829 0.236003 0.101888 0.177734
13 0.310059 0.202148 0.099284 0.146484
6 0.310059 0.202148 0.099284 0.146484
3 0.503418 0.576986 0.391602 0.089518
13 0.307129 0.218262 0.088216 0.157878
0 0.517578 0.292318 0.080729 0.095052
3 0.493327 0.576660 0.372070 0.105794
0 0.510254 0.280599 0.098633 0.078776
