0 0.621745 0.427951 0.185330 0.158681
0 0.621094 0.389410 0.166667 0.113542
0 0.628689 0.421701 0.169705 0.155208
10 0.794488 0.639410 0.164497 0.292014
13 0.395399 0.230556 0.027778 0.030556
10 0.789062 0.640104 0.175347 0.226042
5 0.277561 0.518924 0.293837 0.490625
7 0.746311 0.547743 0.221788 0.305903
7 0.698568 0.481076 0.069878 0.053125
11 0.329210 0.185937 0.135851 0.053125
11 0.659505 0.185243 0.140191 0.038542
11 0.642795 0.185417 0.193576 0.078472
10 0.748047 0.549306 0.266059 0.202083
7 0.809245 0.481771 0.103733 0.122569
11 0.653429 0.180556 0.194010 0.079861
11 0.317708 0.181250 0.144965 0.029861
11 0.333767 0.184028 0.167535 0.039583
