13 0.261562 0.539764 0.055965 0.038586
8 0.261059 0.541973 0.059651 0.038292
11 0.353552 0.760236 0.060322 0.038292
2 0.261059 0.541973 0.059651 0.038292
11 0.769269 0.796760 0.044571 0.044772
7 0.261562 0.539764 0.055965 0.038586
9 0.382205 0.221355 0.067359 0.043888
13 0.238606 0.434315 0.237936 0.129308
10 0.904993 0.863181 0.067359 0.062150
2 0.258043 0.537997 0.048257 0.037408
11 0.904993 0.863181 0.067359 0.062150
13 0.336294 0.320029 0.115617 0.221797
11 0.771448 0.788807 0.106568 0.071281
