13 0.809122 0.350984 0.092342 0.044560
3 0.591216 0.553819 0.497748 0.137731
13 0.171171 0.285880 0.066441 0.033565
13 0.169764 0.288484 0.062500 0.035301
13 0.816441 0.345197 0.066441 0.036458
13 0.201295 0.508970 0.136824 0.037616
11 0.599381 0.075231 0.085023 0.033565
0 0.574606 0.269387 0.148086 0.183449
3 0.579392 0.525174 0.490991 0.141782
7 0.172297 0.511863 0.147523 0.056134
13 0.176520 0.508970 0.166104 0.042245
11 0.390203 0.058449 0.082207 0.038194
3 0.584741 0.548900 0.494932 0.159144
0 0.571227 0.250868 0.151464 0.147569
0 0.559685 0.260127 0.143018 0.178819
13 0.178773 0.318866 0.078266 0.106481
