13 0.709147 0.212565 0.077799 0.129557
7 0.386393 0.238932 0.207682 0.290365
0 0.585612 0.252604 0.098307 0.106120
11 0.864421 0.635091 0.026367 0.048177
1 0.382324 0.246908 0.219727 0.268555
4 0.386393 0.238932 0.207682 0.290365
13 0.708008 0.198405 0.097656 0.130534
0 0.584147 0.269857 0.103190 0.141276
11 0.166829 0.652995 0.041341 0.024089
1 0.386393 0.238932 0.207682 0.290365
0 0.594076 0.252441 0.098958 0.125977
10 0.864421 0.635091 0.026367 0.048177
1 0.380371 0.264160 0.197591 0.301758
7 0.382324 0.246908 0.219727 0.268555
10 0.166829 0.652995 0.041341 0.024089
