5 0.287354 0.399000 0.281738 0.411600
11 0.347412 0.055600 0.067871 0.019200
10 0.143066 0.682600 0.041992 0.049200
9 0.759277 0.470800 0.164062 0.228800
10 0.852783 0.613800 0.051270 0.068400
9 0.261963 0.384800 0.212402 0.478400
11 0.143066 0.682600 0.041992 0.049200
5 0.725830 0.414600 0.226074 0.330800
13 0.261963 0.384800 0.212402 0.478400
13 0.604736 0.223600 0.011230 0.055200
11 0.857666 0.589200 0.026855 0.096000
13 0.759277 0.470800 0.164062 0.228800
13 0.779297 0.390800 0.092773 0.068000
5 0.261963 0.384800 0.212402 0.478400
0 0.566650 0.228800 0.103027 0.085600
13 0.256348 0.434400 0.124023 0.036000
13 0.731445 0.468600 0.111328 0.049200
10 0.857666 0.589200 0.026855 0.096000
11 0.852783 0.613800 0.051270 0.068400
5 0.718750 0.474400 0.247070 0.172000
5 0.759277 0.470800 0.164062 0.228800
5 0.266846 0.434400 0.241699 0.337600
