0 0.556614 0.365414 0.129101 0.155231
5 0.258201 0.387923 0.183422 0.322571
6 0.281481 0.402980 0.281481 0.363241
5 0.276720 0.379075 0.256437 0.342751
0 0.551146 0.371779 0.144268 0.184104
13 0.337213 0.426420 0.142504 0.075442
5 0.281481 0.402980 0.281481 0.363241
6 0.727160 0.482304 0.256437 0.476560
0 0.548501 0.347563 0.139683 0.128842
11 0.142857 0.573735 0.036684 0.099348
5 0.727160 0.482304 0.256437 0.476560
9 0.268959 0.572959 0.279718 0.090345
10 0.258201 0.636293 0.319577 0.167339
5 0.711464 0.481838 0.303351 0.476250
10 0.142857 0.573735 0.036684 0.099348
5 0.726279 0.481217 0.264550 0.494256
3 0.547619 0.636293 0.374250 0.194039
