7 0.798688 0.704085 0.031399 0.023203
8 0.800079 0.702124 0.028617 0.027124
11 0.352146 0.151307 0.178060 0.084314
7 0.385731 0.180392 0.160175 0.167974
13 0.795111 0.294444 0.037758 0.028105
0 0.585254 0.348693 0.143482 0.159477
0 0.590223 0.332516 0.124801 0.138235
7 0.651033 0.204575 0.179650 0.141176
13 0.353537 0.218954 0.079889 0.103922
0 0.585254 0.345098 0.153021 0.162745
13 0.345787 0.259477 0.124801 0.164706
13 0.682631 0.282680 0.046502 0.043137
13 0.762520 0.270588 0.061606 0.077124
11 0.362878 0.166340 0.215421 0.084967
