13 0.282715 0.293200 0.057617 0.036800
13 0.338867 0.390600 0.252930 0.148400
11 0.432373 0.138400 0.068848 0.012800
7 0.279053 0.290000 0.042480 0.032800
13 0.247803 0.377200 0.085449 0.094400
0 0.607178 0.298400 0.106934 0.120000
3 0.668457 0.568000 0.403320 0.099200
11 0.432617 0.133400 0.117188 0.029200
13 0.274902 0.289000 0.067383 0.044400
0 0.611328 0.256600 0.085938 0.043600
0 0.600830 0.272400 0.115723 0.076800
3 0.669922 0.552600 0.388672 0.093200
5 0.338867 0.390600 0.252930 0.148400
8 0.656250 0.323600 0.023438 0.021600
13 0.301025 0.403600 0.162598 0.090400
