13 0.751085 0.288542 0.239149 0.181250
11 0.386285 0.192188 0.100694 0.028819
13 0.744141 0.360417 0.272135 0.317361
0 0.587891 0.334896 0.106337 0.107292
13 0.730903 0.314757 0.293403 0.260069
6 0.730903 0.314757 0.293403 0.260069
7 0.838542 0.333854 0.053819 0.046875
6 0.325087 0.341146 0.286458 0.273958
7 0.815972 0.459028 0.059896 0.045139
13 0.306858 0.337326 0.328993 0.257986
7 0.815972 0.465104 0.077257 0.057292
13 0.325087 0.341146 0.286458 0.273958
13 0.318142 0.343229 0.285590 0.275347
