10 0.158936 0.793400 0.028809 0.042000
3 0.525635 0.676400 0.384277 0.138400
11 0.168701 0.787800 0.050293 0.041200
3 0.526123 0.688600 0.379395 0.138800
10 0.813965 0.826600 0.036133 0.070800
10 0.168701 0.787800 0.050293 0.041200
0 0.543701 0.373000 0.111816 0.088400
11 0.813965 0.826600 0.036133 0.070800
11 0.158936 0.793400 0.028809 0.042000
0 0.545654 0.372200 0.104004 0.090800
11 0.621094 0.244400 0.110352 0.020000
0 0.545166 0.367600 0.115723 0.080000
9 0.252686 0.741400 0.160645 0.044400
11 0.337891 0.245200 0.101562 0.017600
