13 0.244141 0.337500 0.280816 0.443750
13 0.194227 0.429861 0.199219 0.304861
6 0.660807 0.212500 0.180990 0.168750
11 0.250868 0.146354 0.257813 0.163542
10 0.173611 0.628299 0.244792 0.340625
13 0.648003 0.202951 0.232639 0.172569
6 0.241753 0.231250 0.234375 0.186111
10 0.109158 0.607986 0.213976 0.165972
11 0.209635 0.208854 0.263889 0.261458
10 0.147786 0.621181 0.284288 0.152778
7 0.233941 0.608854 0.184896 0.123264
13 0.648220 0.243576 0.264323 0.301042
6 0.648220 0.243576 0.264323 0.301042
7 0.208984 0.615104 0.206163 0.100347
13 0.241753 0.231250 0.234375 0.186111
6 0.648003 0.202951 0.232639 0.172569
10 0.178168 0.336806 0.148872 0.126389
13 0.256510 0.209375 0.259549 0.206250
6 0.256510 0.209375 0.259549 0.206250
6 0.244141 0.337500 0.280816 0.443750
13 0.228082 0.451736 0.241753 0.302083
7 0.222222 0.623611 0.224826 0.118056
