6 0.279812 0.646851 0.155854 0.186482
9 0.897970 0.514900 0.048206 0.323195
13 0.834179 0.643932 0.029358 0.127189
7 0.209134 0.712289 0.287785 0.284793
13 0.838710 0.642704 0.024647 0.136406
9 0.329467 0.048694 0.137731 0.092473
0 0.564335 0.341782 0.094962 0.077112
11 0.103480 0.826728 0.094599 0.085407
10 0.103480 0.826728 0.094599 0.085407
9 0.858463 0.389247 0.158391 0.636559
9 0.618159 0.789247 0.169989 0.044240
9 0.846684 0.377266 0.303008 0.226114
13 0.837260 0.643472 0.043494 0.118280
9 0.631388 0.176037 0.117434 0.145622
9 0.771656 0.058218 0.310257 0.093702
9 0.524103 0.066974 0.555999 0.132104
9 0.549837 0.063287 0.687206 0.094009
10 0.097137 0.825806 0.044944 0.038095
9 0.920986 0.469124 0.118159 0.430108
11 0.097137 0.825806 0.044944 0.038095
7 0.103480 0.826728 0.094599 0.085407
