11 0.629150 0.155600 0.141113 0.040800
11 0.135010 0.873800 0.114746 0.120400
13 0.270752 0.282200 0.111816 0.084400
10 0.120605 0.885200 0.093750 0.100800
13 0.757568 0.294400 0.060059 0.052000
13 0.718018 0.250600 0.135254 0.127600
10 0.135010 0.873800 0.114746 0.120400
13 0.286865 0.308600 0.108887 0.152400
10 0.905518 0.873200 0.062988 0.076800
11 0.365479 0.149600 0.098145 0.024800
11 0.120605 0.885200 0.093750 0.100800
10 0.894287 0.868800 0.097168 0.136000
11 0.894287 0.868800 0.097168 0.136000
13 0.289795 0.292200 0.149902 0.165200
11 0.905518 0.873200 0.062988 0.076800
