11 0.338325 0.167014 0.160156 0.067361
10 0.267361 0.550174 0.268229 0.159375
0 0.565755 0.327951 0.114149 0.101042
10 0.274957 0.550521 0.286892 0.132292
10 0.239583 0.590451 0.248264 0.230903
11 0.348090 0.165625 0.164931 0.044444
7 0.350911 0.415278 0.089844 0.140278
13 0.312934 0.448090 0.164062 0.198264
11 0.713759 0.152778 0.095920 0.061806
11 0.661241 0.152778 0.170573 0.044444
3 0.549262 0.570660 0.439670 0.130903
11 0.709635 0.154340 0.089410 0.054514
11 0.312934 0.162674 0.090278 0.044792
3 0.549479 0.581424 0.453993 0.109375
