13 0.342285 0.248698 0.107096 0.108073
13 0.308431 0.463542 0.074544 0.252604
6 0.696289 0.441732 0.180339 0.457031
5 0.335775 0.481445 0.149414 0.291667
13 0.700846 0.431641 0.162109 0.438802
13 0.348633 0.402344 0.173177 0.412109
13 0.661133 0.366536 0.146484 0.319661
6 0.358887 0.258464 0.135742 0.106771
11 0.647461 0.171224 0.143229 0.075521
6 0.700846 0.431641 0.162109 0.438802
11 0.633626 0.173503 0.159831 0.078125
6 0.348633 0.402344 0.173177 0.412109
6 0.661133 0.366536 0.146484 0.319661
13 0.358887 0.258464 0.135742 0.106771
5 0.696289 0.441732 0.180339 0.457031
1 0.661133 0.366536 0.146484 0.319661
