2 0.725760 0.322275 0.177123 0.215978
13 0.725760 0.322275 0.177123 0.215978
13 0.301489 0.308903 0.168251 0.232566
2 0.375317 0.612390 0.075095 0.084631
8 0.746356 0.296378 0.016793 0.018619
13 0.323828 0.306872 0.252218 0.247461
8 0.756496 0.413338 0.013625 0.014218
8 0.769487 0.352404 0.019328 0.020311
13 0.726869 0.245599 0.067174 0.050440
11 0.323828 0.306872 0.252218 0.247461
2 0.379753 0.601049 0.061787 0.051117
13 0.723384 0.411984 0.160963 0.376439
13 0.711502 0.317197 0.038973 0.090047
2 0.323828 0.306872 0.252218 0.247461
8 0.787864 0.377285 0.014892 0.013879
8 0.731147 0.516926 0.019328 0.029790
8 0.699144 0.233243 0.006654 0.007448
11 0.604880 0.151828 0.121039 0.026066
2 0.321926 0.294516 0.224335 0.262695
2 0.301489 0.308903 0.168251 0.232566
13 0.375317 0.612390 0.075095 0.084631
8 0.381020 0.605958 0.056717 0.046039
11 0.355830 0.140487 0.139417 0.039946
8 0.736534 0.392857 0.011090 0.034868
2 0.723384 0.411984 0.160963 0.376439
2 0.728454 0.515572 0.022814 0.031144
13 0.321926 0.294516 0.224335 0.262695
