13 0.812008 0.582845 0.125591 0.018555
11 0.219488 0.746094 0.043701 0.061198
11 0.696457 0.170573 0.076378 0.025391
11 0.225787 0.750000 0.072047 0.046875
7 0.336614 0.438314 0.248819 0.316081
7 0.338386 0.444661 0.141339 0.253906
13 0.834055 0.366699 0.109055 0.153971
13 0.284055 0.268392 0.079921 0.069987
7 0.294882 0.274902 0.076378 0.079753
8 0.392520 0.415365 0.171654 0.174479
13 0.294882 0.274902 0.076378 0.079753
13 0.336614 0.438314 0.248819 0.316081
13 0.878346 0.461914 0.070079 0.024089
13 0.329921 0.290853 0.142520 0.123372
13 0.818110 0.433594 0.070866 0.023438
