11 0.373042 0.293371 0.105120 0.081439
11 0.641416 0.230871 0.128012 0.045833
8 0.428765 0.601515 0.070783 0.087879
10 0.346235 0.676515 0.297892 0.190909
3 0.614910 0.744318 0.400904 0.231818
3 0.619277 0.791098 0.395181 0.151136
0 0.593825 0.506439 0.103916 0.146212
4 0.322590 0.515341 0.046386 0.067803
10 0.347139 0.712879 0.251506 0.296212
11 0.649247 0.217992 0.085241 0.032197
11 0.400904 0.288068 0.178313 0.067803
10 0.312349 0.708712 0.190361 0.346970
9 0.327560 0.520265 0.046084 0.075379
7 0.322741 0.519886 0.045482 0.061742
7 0.327560 0.520265 0.046084 0.075379
11 0.363102 0.296780 0.135843 0.114773
