7 0.269573 0.501446 0.276438 0.423015
9 0.051577 0.680328 0.078664 0.490839
9 0.189054 0.514947 0.235622 0.464159
9 0.200557 0.567181 0.355844 0.308261
9 0.687199 0.102539 0.105380 0.190293
7 0.328015 0.615879 0.143228 0.128576
9 0.054360 0.620540 0.077551 0.487625
9 0.056772 0.652523 0.071243 0.391514
0 0.578293 0.404372 0.122820 0.142719
0 0.576994 0.386853 0.127644 0.127612
9 0.324861 0.108807 0.168831 0.187400
4 0.319295 0.608647 0.122078 0.115397
9 0.494249 0.102539 0.523191 0.188364
4 0.328015 0.615879 0.143228 0.128576
