3 0.546549 0.519368 0.311849 0.112956
13 0.401042 0.246582 0.044922 0.058919
10 0.742350 0.548340 0.029622 0.043294
3 0.546712 0.506348 0.312174 0.106445
11 0.742350 0.548340 0.029622 0.043294
11 0.607096 0.098796 0.043620 0.019857
11 0.394857 0.126953 0.112630 0.032552
0 0.552409 0.258464 0.097656 0.101563
0 0.555339 0.258952 0.089844 0.099284
10 0.743815 0.541667 0.031250 0.034505
11 0.743815 0.541667 0.031250 0.034505
3 0.545247 0.524740 0.307943 0.128906
0 0.562988 0.259277 0.069336 0.088216
