13 0.656727 0.203916 0.124523 0.160206
13 0.783635 0.353244 0.135019 0.091772
11 0.087071 0.902097 0.041508 0.052611
7 0.238311 0.196796 0.030057 0.028877
10 0.087071 0.902097 0.041508 0.052611
13 0.664599 0.207872 0.124046 0.125396
9 0.805582 0.356013 0.089218 0.095728
8 0.783635 0.353244 0.135019 0.091772
11 0.358302 0.134098 0.051527 0.021361
11 0.871183 0.917326 0.062023 0.056171
10 0.871183 0.917326 0.062023 0.056171
8 0.791746 0.241891 0.014790 0.011472
13 0.805582 0.356013 0.089218 0.095728
