10 0.145977 0.884556 0.051238 0.044698
5 0.782669 0.636714 0.165062 0.497842
11 0.328232 0.145037 0.097318 0.050863
11 0.145977 0.884556 0.051238 0.044698
10 0.159216 0.887330 0.044017 0.053329
10 0.857290 0.915074 0.028198 0.045931
9 0.768741 0.689118 0.182600 0.340629
11 0.159216 0.887330 0.044017 0.053329
5 0.221802 0.599877 0.162311 0.461159
11 0.857290 0.915074 0.028198 0.045931
5 0.267882 0.632398 0.196011 0.315351
9 0.267882 0.632398 0.196011 0.315351
11 0.150447 0.885018 0.049175 0.060419
10 0.150447 0.885018 0.049175 0.060419
5 0.768741 0.689118 0.182600 0.340629
