9 0.090456 0.529512 0.126068 0.738128
10 0.728811 0.559871 0.147792 0.134668
9 0.503383 0.069199 0.451923 0.078697
12 0.693732 0.326493 0.236467 0.358548
9 0.881054 0.435380 0.182336 0.555970
12 0.673611 0.314450 0.256054 0.368385
7 0.614850 0.357531 0.197650 0.305292
12 0.724003 0.339213 0.153846 0.329037
9 0.879808 0.428596 0.218305 0.513229
10 0.682514 0.566147 0.246795 0.132972
9 0.215456 0.148236 0.094017 0.093623
3 0.430912 0.536126 0.358262 0.220828
9 0.106660 0.402476 0.119302 0.560719
7 0.623219 0.344980 0.173077 0.301221
9 0.355947 0.045455 0.175570 0.086839
9 0.874466 0.401119 0.133547 0.606852
9 0.728632 0.062076 0.304843 0.120081
10 0.663283 0.581072 0.266738 0.175034
9 0.094195 0.520353 0.107906 0.740841
9 0.351674 0.512381 0.204060 0.252035
