10 0.141693 0.729391 0.069430 0.121538
13 0.301098 0.268654 0.160822 0.121538
0 0.566242 0.266862 0.115834 0.124471
10 0.868225 0.812480 0.064470 0.096774
11 0.140099 0.707722 0.096706 0.154448
11 0.868225 0.812480 0.064470 0.096774
13 0.293482 0.296676 0.177471 0.170414
10 0.865391 0.832030 0.054552 0.054415
10 0.140099 0.707722 0.096706 0.154448
7 0.277010 0.273542 0.087850 0.057022
11 0.865391 0.832030 0.054552 0.054415
7 0.263904 0.254154 0.116897 0.093190
10 0.131243 0.731997 0.071909 0.118931
10 0.882040 0.817530 0.060220 0.077550
