0 0.657795 0.341198 0.118631 0.094696
11 0.439163 0.170029 0.074525 0.016596
7 0.834601 0.583306 0.128517 0.101204
9 0.406654 0.658965 0.014829 0.020827
9 0.398859 0.894077 0.047909 0.039375
10 0.848099 0.651155 0.132700 0.203059
9 0.407605 0.658314 0.019772 0.028637
9 0.233840 0.756590 0.022814 0.024732
9 0.310266 0.668077 0.031939 0.035145
9 0.311027 0.666612 0.021293 0.032867
9 0.208555 0.923527 0.044487 0.051416
0 0.665019 0.342174 0.104943 0.097950
10 0.857795 0.635535 0.123194 0.105434
9 0.232129 0.757078 0.025475 0.025708
10 0.802852 0.645786 0.182890 0.220306
9 0.101521 0.642532 0.009886 0.010088
