11 0.636936 0.076215 0.112413 0.031597
3 0.565104 0.510590 0.434028 0.094097
0 0.526042 0.254861 0.135417 0.092361
11 0.241970 0.099306 0.120226 0.066667
3 0.578559 0.491319 0.434896 0.140972
9 0.214844 0.535417 0.195312 0.117361
11 0.239149 0.105208 0.104167 0.045833
0 0.538411 0.260764 0.110677 0.097222
11 0.614583 0.078993 0.189236 0.048958
0 0.545139 0.262153 0.125000 0.100694
13 0.286892 0.444965 0.170139 0.075347
3 0.572483 0.515104 0.440972 0.130903
11 0.271484 0.102257 0.148872 0.042014
