9 0.287440 0.083632 0.180230 0.118451
9 0.265515 0.063944 0.174285 0.110316
7 0.470643 0.445005 0.840951 0.628376
12 0.195466 0.492841 0.208101 0.629678
7 0.733185 0.450049 0.301003 0.579889
9 0.044779 0.574845 0.056113 0.245037
9 0.037533 0.590303 0.062430 0.173121
6 0.733185 0.450049 0.301003 0.579889
3 0.590301 0.654247 0.446302 0.150016
9 0.667781 0.085096 0.116685 0.135047
12 0.273504 0.445330 0.371609 0.663521
9 0.938499 0.664660 0.073207 0.354377
9 0.726496 0.069801 0.215533 0.110966
3 0.590115 0.649040 0.445188 0.132444
9 0.935712 0.653596 0.063917 0.410348
0 0.568004 0.321022 0.127462 0.109014
12 0.276663 0.459811 0.359346 0.632607
