6 0.311898 0.394473 0.182229 0.328152
10 0.724548 0.638342 0.322590 0.301900
10 0.325602 0.465285 0.283735 0.653541
11 0.339608 0.282729 0.282229 0.301554
11 0.334940 0.295337 0.293976 0.280484
10 0.218825 0.660449 0.144277 0.243869
10 0.297440 0.621416 0.252711 0.357858
10 0.728614 0.500864 0.297590 0.482211
7 0.329970 0.659067 0.128012 0.255613
7 0.322741 0.481520 0.199096 0.535406
10 0.732380 0.551986 0.275602 0.519516
6 0.317470 0.395164 0.200602 0.351641
7 0.296837 0.634542 0.218976 0.301209
7 0.339608 0.282729 0.282229 0.301554
