13 0.297101 0.273843 0.243961 0.251052
2 0.695853 0.201788 0.123591 0.103436
13 0.807971 0.338008 0.080515 0.074334
13 0.693035 0.241585 0.142110 0.204769
13 0.305757 0.183029 0.107488 0.053296
13 0.300322 0.264727 0.291465 0.246143
13 0.674517 0.162693 0.054348 0.058205
11 0.770733 0.768233 0.026973 0.026648
11 0.289654 0.150771 0.125201 0.082749
13 0.695853 0.201788 0.123591 0.103436
13 0.236514 0.340813 0.117955 0.106592
11 0.285829 0.143934 0.105475 0.066971
11 0.309783 0.711606 0.043076 0.023492
