8 0.380724 0.621244 0.028044 0.030349
11 0.099752 0.755258 0.068868 0.060998
8 0.137203 0.641376 0.045083 0.065204
8 0.246184 0.558444 0.030174 0.020132
8 0.295527 0.387169 0.037274 0.038161
8 0.118388 0.719050 0.042953 0.041466
8 0.217607 0.647386 0.046148 0.038161
8 0.718317 0.613281 0.022364 0.017428
2 0.127973 0.667218 0.060703 0.139724
8 0.247781 0.558293 0.027689 0.022236
10 0.115016 0.738131 0.114306 0.118089
9 0.802272 0.694411 0.213703 0.121995
8 0.138090 0.639573 0.039049 0.076623
8 0.294462 0.388522 0.040114 0.038462
9 0.725417 0.721605 0.359602 0.100060
8 0.378417 0.621544 0.029819 0.028546
8 0.245474 0.259165 0.040114 0.033353
8 0.217785 0.646184 0.050053 0.035757
8 0.246361 0.559044 0.028399 0.024940
8 0.291622 0.385817 0.045083 0.035457
11 0.115016 0.738131 0.114306 0.118089
8 0.122826 0.717398 0.044018 0.038161
8 0.213880 0.648287 0.042953 0.033954
