0 0.607677 0.215983 0.107480 0.117513
13 0.285236 0.531413 0.108268 0.053060
0 0.598228 0.215983 0.120866 0.113607
5 0.735630 0.366048 0.249213 0.489258
9 0.479724 0.366862 0.129528 0.298177
6 0.735630 0.366048 0.249213 0.489258
11 0.668701 0.086751 0.159449 0.038737
10 0.839567 0.619141 0.051575 0.048177
6 0.287402 0.391113 0.336220 0.501628
10 0.858268 0.615885 0.025984 0.070964
6 0.723425 0.344564 0.297244 0.552409
13 0.716929 0.308431 0.266142 0.387695
11 0.686417 0.093262 0.161811 0.036784
5 0.266142 0.415039 0.313386 0.417318
3 0.602559 0.531250 0.398819 0.134115
0 0.594291 0.226725 0.134252 0.146159
10 0.151575 0.639486 0.052756 0.090169
13 0.266142 0.415039 0.313386 0.417318
3 0.606496 0.560710 0.416929 0.120768
6 0.266142 0.415039 0.313386 0.417318
11 0.839567 0.619141 0.051575 0.048177
6 0.716929 0.308431 0.266142 0.387695
9 0.511811 0.372070 0.175591 0.562500
5 0.287402 0.391113 0.336220 0.501628
11 0.669094 0.088216 0.159449 0.039062
6 0.297835 0.380371 0.325591 0.478841
11 0.858268 0.615885 0.025984 0.070964
7 0.295079 0.233073 0.107480 0.141927
11 0.151575 0.639486 0.052756 0.090169
13 0.272638 0.334473 0.217717 0.182617
