3 0.591125 0.725439 0.413629 0.162540
8 0.212559 0.727436 0.032092 0.037939
13 0.773772 0.242412 0.052298 0.055911
8 0.751783 0.224241 0.027338 0.020367
8 0.754358 0.223642 0.022187 0.018371
13 0.771791 0.224641 0.074485 0.082668
8 0.754160 0.225639 0.022583 0.015974
11 0.792591 0.197284 0.046355 0.064696
9 0.771791 0.224641 0.074485 0.082668
8 0.213946 0.730232 0.034073 0.043530
2 0.389065 0.191094 0.017433 0.019569
13 0.785856 0.224241 0.039223 0.059505
0 0.598059 0.372604 0.122425 0.155751
0 0.536252 0.404752 0.237322 0.181709
