10 0.129934 0.861198 0.061038 0.049875
11 0.726243 0.134567 0.185673 0.075282
11 0.391813 0.121393 0.192982 0.062735
11 0.383955 0.110885 0.160453 0.049247
11 0.713085 0.134724 0.172515 0.062422
11 0.132127 0.880019 0.042032 0.066813
13 0.868238 0.399937 0.072003 0.058971
10 0.132127 0.880019 0.042032 0.066813
11 0.129934 0.861198 0.061038 0.049875
11 0.702120 0.123902 0.178363 0.055207
11 0.383772 0.124216 0.157895 0.030113
10 0.123355 0.880960 0.052997 0.058657
11 0.123355 0.880960 0.052997 0.058657
