13 0.249783 0.489757 0.131510 0.105903
11 0.831597 0.599479 0.061632 0.063542
6 0.669922 0.376215 0.108941 0.078125
3 0.550781 0.555208 0.447917 0.093056
10 0.831597 0.599479 0.061632 0.063542
0 0.551649 0.309722 0.119792 0.116667
6 0.243056 0.424826 0.276042 0.284375
9 0.243056 0.424826 0.276042 0.284375
3 0.557726 0.551042 0.416667 0.122222
11 0.591797 0.171007 0.142795 0.048264
3 0.553385 0.545833 0.440972 0.111806
0 0.543837 0.287500 0.107639 0.077778
0 0.549262 0.283681 0.088976 0.070139
7 0.662326 0.371528 0.141493 0.071528
6 0.249783 0.489757 0.131510 0.105903
13 0.669922 0.376215 0.108941 0.078125
11 0.344618 0.149479 0.121528 0.026736
