11 0.358942 0.215652 0.235696 0.081288
13 0.801547 0.503028 0.164448 0.272872
13 0.338071 0.365955 0.152213 0.147274
2 0.313242 0.350494 0.170925 0.177558
13 0.316481 0.714377 0.106873 0.215493
8 0.809644 0.490596 0.180641 0.257571
13 0.809644 0.490596 0.180641 0.257571
13 0.326196 0.367867 0.167326 0.138986
11 0.324397 0.230316 0.232818 0.122091
13 0.811803 0.503985 0.176322 0.221868
13 0.313242 0.350494 0.170925 0.177558
7 0.358942 0.215652 0.235696 0.081288
2 0.811803 0.503985 0.176322 0.221868
11 0.313242 0.350494 0.170925 0.177558
0 0.575027 0.373924 0.114430 0.128148
