11 0.307903 0.193702 0.080055 0.038402
13 0.679952 0.317972 0.154294 0.192934
0 0.575949 0.374808 0.095450 0.121659
6 0.325351 0.244086 0.098529 0.091244
0 0.566028 0.386175 0.120082 0.144393
11 0.711256 0.193241 0.101266 0.058372
13 0.335956 0.296621 0.158741 0.149002
11 0.685084 0.190169 0.098871 0.045469
3 0.559528 0.662519 0.404721 0.131797
0 0.579713 0.395699 0.098187 0.129032
11 0.690558 0.206298 0.151557 0.083257
7 0.325351 0.244086 0.098529 0.091244
11 0.230414 0.263287 0.074923 0.087865
7 0.268218 0.237788 0.119740 0.120430
13 0.722032 0.244700 0.104345 0.036559
