0 0.567383 0.285645 0.102214 0.111654
13 0.744303 0.351725 0.014648 0.037435
8 0.665690 0.375977 0.009766 0.007812
8 0.734049 0.530599 0.018229 0.018229
8 0.361491 0.555827 0.019206 0.013997
8 0.431641 0.140951 0.003906 0.005859
8 0.738281 0.553223 0.020182 0.016602
8 0.672852 0.578776 0.013672 0.016276
8 0.647461 0.155273 0.011068 0.010417
8 0.674316 0.581217 0.008138 0.008138
8 0.647135 0.153809 0.005208 0.012695
2 0.731283 0.565918 0.028971 0.015299
8 0.666829 0.375977 0.010091 0.009115
11 0.599772 0.128418 0.030924 0.027018
8 0.617676 0.206217 0.009440 0.017253
0 0.576172 0.270020 0.083333 0.068034
13 0.782064 0.505208 0.017904 0.042318
2 0.782389 0.502930 0.023112 0.046875
8 0.769857 0.583984 0.012370 0.009766
2 0.731283 0.567220 0.035482 0.015951
8 0.471354 0.491211 0.013672 0.014323
2 0.729655 0.567057 0.027669 0.010417
8 0.658040 0.421712 0.019857 0.015951
8 0.616862 0.206868 0.012370 0.015951
8 0.618490 0.544271 0.010417 0.024089
11 0.427083 0.123861 0.052083 0.013997
13 0.445150 0.282389 0.019857 0.095378
8 0.736654 0.552734 0.020182 0.024740
8 0.449707 0.499186 0.012044 0.010091
8 0.710775 0.428711 0.014648 0.015625
8 0.735189 0.529622 0.021810 0.018229
8 0.711263 0.429036 0.013672 0.016927
8 0.736328 0.541016 0.023438 0.041667
2 0.786621 0.506510 0.021810 0.054688
8 0.648112 0.156738 0.012370 0.016602
8 0.292969 0.476237 0.018880 0.022786
2 0.560710 0.273763 0.051107 0.073568
8 0.620605 0.249186 0.017904 0.015951
0 0.572917 0.292480 0.092448 0.123372
