13 0.256973 0.500000 0.361054 0.659164
5 0.273502 0.386857 0.244318 0.149920
8 0.819731 0.376809 0.007231 0.007637
8 0.809659 0.412982 0.010847 0.010852
13 0.362603 0.226688 0.072314 0.068328
11 0.346074 0.174035 0.126033 0.059486
6 0.778409 0.507034 0.191116 0.268087
13 0.273502 0.386857 0.244318 0.149920
13 0.752066 0.688505 0.180785 0.247588
13 0.117252 0.906551 0.033058 0.068730
11 0.643853 0.158159 0.134814 0.032556
8 0.818957 0.376608 0.011880 0.011254
8 0.816116 0.396503 0.010331 0.007637
6 0.256973 0.500000 0.361054 0.659164
6 0.752066 0.688505 0.180785 0.247588
6 0.240702 0.613746 0.235537 0.278135
11 0.865702 0.890273 0.048554 0.114952
6 0.232180 0.615555 0.220558 0.252814
13 0.266012 0.313907 0.233471 0.311897
13 0.806043 0.699156 0.175103 0.106511
5 0.240702 0.613746 0.235537 0.278135
8 0.806043 0.699156 0.175103 0.106511
13 0.232180 0.615555 0.220558 0.252814
11 0.834969 0.902934 0.061467 0.052653
6 0.776601 0.622588 0.255682 0.397910
11 0.350981 0.172227 0.105888 0.042203
10 0.865702 0.890273 0.048554 0.114952
8 0.815341 0.393891 0.007748 0.004823
8 0.808110 0.412580 0.005682 0.007637
5 0.776601 0.622588 0.255682 0.397910
13 0.723140 0.254622 0.041322 0.065514
13 0.735537 0.246584 0.065083 0.068730
