11 0.212674 0.307465 0.203993 0.255903
10 0.218316 0.485417 0.282118 0.463889
0 0.559028 0.382292 0.157118 0.153472
13 0.216797 0.530035 0.073351 0.051042
7 0.252387 0.532465 0.122830 0.059375
13 0.218967 0.522222 0.074219 0.090278
7 0.267578 0.572569 0.226128 0.154861
13 0.267578 0.581076 0.213108 0.064931
10 0.162109 0.584896 0.225260 0.279514
0 0.569878 0.399306 0.148438 0.177083
0 0.563151 0.383507 0.146267 0.153125
9 0.368707 0.292361 0.095920 0.254167
3 0.546007 0.632986 0.460938 0.170833
10 0.199436 0.560764 0.231337 0.410417
