4 0.657876 0.370787 0.198421 0.238951
3 0.544492 0.717228 0.469681 0.192509
10 0.858091 0.778090 0.062792 0.081273
7 0.657876 0.370787 0.198421 0.238951
8 0.646932 0.381086 0.215285 0.284270
10 0.871726 0.792697 0.038393 0.071536
10 0.115895 0.789139 0.060997 0.085393
7 0.258342 0.721536 0.149982 0.144195
11 0.115895 0.789139 0.060997 0.085393
10 0.810728 0.814045 0.149623 0.053558
11 0.858091 0.778090 0.062792 0.081273
10 0.113384 0.800936 0.059562 0.105243
10 0.182992 0.817228 0.192321 0.075655
8 0.637065 0.391948 0.256548 0.281273
7 0.221385 0.753558 0.077503 0.083895
11 0.871726 0.792697 0.038393 0.071536
7 0.646932 0.381086 0.215285 0.284270
