13 0.294735 0.314004 0.121870 0.117981
1 0.265648 0.261029 0.194772 0.173797
13 0.282953 0.293951 0.149116 0.138035
11 0.614875 0.163603 0.157585 0.042447
13 0.210236 0.380849 0.119293 0.030414
11 0.122054 0.849933 0.053387 0.089572
11 0.811672 0.761698 0.045287 0.111631
0 0.517673 0.369987 0.128866 0.145053
13 0.265648 0.261029 0.194772 0.173797
10 0.122054 0.849933 0.053387 0.089572
11 0.122607 0.844084 0.048601 0.095922
13 0.204161 0.379512 0.107143 0.027741
13 0.239875 0.666611 0.099043 0.079211
11 0.817010 0.752674 0.054492 0.157086
11 0.306885 0.232620 0.249264 0.142380
11 0.131811 0.853108 0.061856 0.097259
11 0.290501 0.196858 0.109720 0.073529
11 0.607327 0.188336 0.213181 0.070521
10 0.805412 0.740976 0.062960 0.082219
13 0.708027 0.443182 0.201031 0.111631
1 0.618557 0.171290 0.136966 0.046457
13 0.214838 0.381016 0.127025 0.028075
6 0.243557 0.673630 0.088733 0.071858
13 0.727725 0.444184 0.196981 0.120321
11 0.805412 0.740976 0.062960 0.082219
13 0.707106 0.464739 0.213918 0.163436
