5 0.739816 0.315428 0.201677 0.382876
6 0.705072 0.222132 0.251198 0.222132
7 0.711661 0.258078 0.218051 0.259289
7 0.330471 0.247779 0.204073 0.258885
6 0.319888 0.225162 0.298722 0.283118
13 0.711661 0.258078 0.218051 0.259289
6 0.320288 0.248183 0.246006 0.246769
6 0.711661 0.258078 0.218051 0.259289
5 0.319888 0.225162 0.298722 0.283118
2 0.711661 0.258078 0.218051 0.259289
13 0.330471 0.247779 0.204073 0.258885
6 0.330471 0.247779 0.204073 0.258885
9 0.395367 0.722334 0.131789 0.176494
2 0.330471 0.247779 0.204073 0.258885
