9 0.305339 0.683757 0.088542 0.066732
10 0.236654 0.766927 0.039714 0.062500
11 0.236654 0.766927 0.039714 0.062500
11 0.231934 0.777995 0.033529 0.054036
3 0.559082 0.599447 0.381836 0.124023
0 0.567871 0.344401 0.112956 0.134766
0 0.569336 0.341797 0.110026 0.121094
11 0.801758 0.704915 0.038411 0.068034
11 0.799805 0.715658 0.041016 0.058268
10 0.799805 0.715658 0.041016 0.058268
3 0.567871 0.601888 0.388346 0.119141
3 0.576172 0.592285 0.404297 0.144857
0 0.568197 0.328451 0.108398 0.106120
