7 0.250714 0.492152 0.161429 0.063741
8 0.428214 0.317585 0.114286 0.127162
6 0.228571 0.367393 0.208571 0.305573
11 0.925536 0.856182 0.023929 0.045484
7 0.242500 0.488149 0.167857 0.070468
8 0.432500 0.315983 0.107857 0.123959
11 0.410357 0.167521 0.151429 0.033312
8 0.434821 0.315503 0.113214 0.125561
10 0.925536 0.856182 0.023929 0.045484
10 0.253393 0.575753 0.297500 0.295644
6 0.843036 0.687380 0.122500 0.118514
0 0.619107 0.365951 0.136071 0.123318
9 0.265714 0.647822 0.333571 0.243113
11 0.680714 0.176489 0.126429 0.021781
10 0.265179 0.597854 0.346071 0.248879
