10 0.731927 0.599724 0.304954 0.724571
9 0.354312 0.088542 0.081101 0.143995
12 0.721101 0.305607 0.258349 0.196385
10 0.091009 0.846814 0.044771 0.064951
7 0.775780 0.579350 0.195963 0.211397
12 0.724954 0.305760 0.277064 0.208333
9 0.716147 0.154718 0.126606 0.068627
7 0.720734 0.326440 0.250275 0.165135
9 0.910826 0.660080 0.123303 0.614277
9 0.711193 0.545650 0.320000 0.343137
9 0.941101 0.690564 0.089908 0.530025
7 0.815780 0.846507 0.149725 0.200368
7 0.779450 0.608915 0.196697 0.159007
9 0.608991 0.148591 0.547156 0.106618
9 0.703303 0.102482 0.161101 0.192096
11 0.091009 0.846814 0.044771 0.064951
9 0.935963 0.789216 0.095780 0.327206
7 0.711193 0.545650 0.320000 0.343137
