10 0.312066 0.363715 0.335069 0.548958
10 0.921441 0.581424 0.051215 0.064236
3 0.606120 0.432813 0.454427 0.203125
11 0.921441 0.581424 0.051215 0.064236
7 0.335069 0.332292 0.153646 0.154167
10 0.923394 0.582986 0.062934 0.088889
13 0.866536 0.446181 0.076823 0.113889
6 0.324653 0.306250 0.180556 0.211806
3 0.630859 0.451736 0.396267 0.252778
10 0.307509 0.302604 0.335503 0.465625
7 0.866536 0.446181 0.076823 0.113889
11 0.923394 0.582986 0.062934 0.088889
7 0.324653 0.306250 0.180556 0.211806
10 0.323134 0.336979 0.345920 0.535069
7 0.313802 0.361632 0.184896 0.142708
