0 0.583550 0.414062 0.159288 0.181597
0 0.559462 0.412847 0.217882 0.195833
11 0.165365 0.719792 0.038194 0.143750
11 0.179253 0.763021 0.046875 0.071181
13 0.702040 0.222222 0.104601 0.076389
1 0.335069 0.237326 0.203993 0.132986
5 0.779514 0.513194 0.191840 0.471528
7 0.296441 0.689583 0.156250 0.152778
13 0.762153 0.315278 0.158854 0.149306
13 0.286892 0.455556 0.223958 0.390972
13 0.272786 0.376215 0.214844 0.233681
7 0.263455 0.611111 0.213542 0.300694
9 0.702040 0.222222 0.104601 0.076389
11 0.169271 0.767014 0.077257 0.075694
11 0.351780 0.238021 0.245226 0.105208
10 0.179253 0.763021 0.046875 0.071181
13 0.258681 0.486632 0.181424 0.467014
10 0.169271 0.767014 0.077257 0.075694
11 0.302083 0.436806 0.356771 0.497917
0 0.575738 0.407292 0.173177 0.168750
