2 0.819698 0.444735 0.090733 0.286781
13 0.839085 0.539955 0.058162 0.075429
13 0.709771 0.254854 0.067080 0.084765
13 0.696588 0.304892 0.053897 0.093727
2 0.835789 0.539022 0.052346 0.075056
13 0.723730 0.274085 0.082590 0.070202
0 0.608181 0.352689 0.097325 0.134055
13 0.841993 0.427558 0.070958 0.073189
9 0.709771 0.254854 0.067080 0.084765
0 0.616324 0.334765 0.090345 0.097461
2 0.829391 0.424197 0.055060 0.054518
13 0.819698 0.444735 0.090733 0.286781
2 0.709771 0.254854 0.067080 0.084765
3 0.609926 0.715459 0.401706 0.158327
