10 0.913221 0.769452 0.037019 0.049712
4 0.215144 0.592759 0.301442 0.248199
13 0.740625 0.371037 0.259135 0.327089
11 0.913221 0.769452 0.037019 0.049712
4 0.252885 0.451909 0.350962 0.528458
7 0.765865 0.393732 0.314423 0.360951
7 0.215144 0.592759 0.301442 0.248199
7 0.816827 0.595281 0.207692 0.245317
6 0.816827 0.595281 0.207692 0.245317
6 0.754327 0.471362 0.322115 0.506844
6 0.268029 0.346722 0.287019 0.346182
13 0.268029 0.346722 0.287019 0.346182
4 0.754327 0.471362 0.322115 0.506844
6 0.252885 0.451909 0.350962 0.528458
7 0.259856 0.350144 0.296635 0.292507
