6 0.744405 0.478848 0.211229 0.205337
7 0.236160 0.560202 0.170789 0.259356
11 0.086572 0.726163 0.103259 0.093394
13 0.276207 0.332737 0.066353 0.070615
10 0.909894 0.660755 0.053004 0.073869
7 0.230075 0.512691 0.146054 0.288643
6 0.230075 0.512691 0.146054 0.288643
10 0.907931 0.659779 0.048292 0.095997
11 0.909894 0.660755 0.053004 0.073869
11 0.907931 0.659779 0.048292 0.095997
3 0.505693 0.653108 0.570868 0.164009
3 0.552807 0.672958 0.555948 0.160755
10 0.086572 0.726163 0.103259 0.093394
4 0.222811 0.418809 0.087554 0.070290
11 0.897527 0.648226 0.043973 0.048812
4 0.701610 0.511552 0.187672 0.203710
7 0.077542 0.709567 0.053789 0.082330
10 0.897527 0.648226 0.043973 0.048812
7 0.744405 0.478848 0.211229 0.205337
7 0.226737 0.422389 0.107185 0.082005
3 0.524146 0.571754 0.480565 0.168565
0 0.555556 0.309795 0.127994 0.102180
11 0.106596 0.696713 0.105614 0.115197
