8 0.307292 0.317220 0.016276 0.015299
11 0.750977 0.675293 0.048828 0.064779
10 0.743001 0.685710 0.056315 0.094076
0 0.555176 0.267578 0.105794 0.108724
11 0.634277 0.659180 0.047852 0.043620
13 0.317546 0.272786 0.180013 0.190104
9 0.307292 0.317220 0.016276 0.015299
11 0.743001 0.685710 0.056315 0.094076
10 0.750977 0.675293 0.048828 0.064779
13 0.354655 0.298503 0.098633 0.220052
11 0.662760 0.388997 0.224609 0.515625
13 0.344401 0.306478 0.100911 0.134440
10 0.761230 0.686198 0.077148 0.162109
11 0.670573 0.201009 0.111328 0.109701
13 0.699707 0.321452 0.039388 0.141602
