11 0.886842 0.825816 0.036842 0.049145
13 0.280000 0.498756 0.047018 0.036392
10 0.886842 0.825816 0.036842 0.049145
0 0.571754 0.264386 0.105614 0.110731
6 0.717719 0.248056 0.204561 0.234215
0 0.571404 0.284914 0.112632 0.149922
11 0.713684 0.172628 0.117193 0.088336
13 0.723509 0.237792 0.207719 0.200622
13 0.217193 0.304510 0.065263 0.067807
13 0.707193 0.222862 0.155439 0.151477
8 0.280000 0.498756 0.047018 0.036392
9 0.280000 0.498756 0.047018 0.036392
13 0.717719 0.248056 0.204561 0.234215
