3 0.603602 0.600375 0.437589 0.091386
0 0.591120 0.316292 0.139444 0.182397
9 0.490728 0.289326 0.123395 0.288764
3 0.601106 0.622097 0.435449 0.142322
11 0.124643 0.621723 0.043866 0.157303
11 0.886769 0.647753 0.078103 0.094757
11 0.136591 0.637640 0.060628 0.082772
10 0.136591 0.637640 0.060628 0.082772
11 0.142832 0.632397 0.052425 0.099251
11 0.901213 0.670037 0.055635 0.069663
10 0.142832 0.632397 0.052425 0.099251
0 0.601819 0.304682 0.113766 0.186142
10 0.901213 0.670037 0.055635 0.069663
10 0.886769 0.647753 0.078103 0.094757
10 0.124643 0.621723 0.043866 0.157303
0 0.592011 0.288015 0.139087 0.126592
11 0.891940 0.676030 0.059201 0.103371
11 0.363409 0.161610 0.153352 0.058052
10 0.891940 0.676030 0.059201 0.103371
