8 0.149557 0.569183 0.043575 0.021445
9 0.099705 0.628966 0.025111 0.032902
7 0.302068 0.538190 0.238552 0.264395
7 0.150480 0.565217 0.049852 0.037603
8 0.620938 0.530846 0.201994 0.162750
8 0.297267 0.534959 0.217873 0.262632
8 0.099705 0.628966 0.025111 0.032902
8 0.824225 0.443008 0.031019 0.025264
8 0.307238 0.587250 0.231905 0.171563
7 0.203656 0.366334 0.102290 0.058167
8 0.772341 0.657756 0.183530 0.141598
7 0.307238 0.587250 0.231905 0.171563
7 0.772341 0.657756 0.183530 0.141598
8 0.271233 0.471210 0.155465 0.124559
0 0.578840 0.289806 0.100812 0.079612
8 0.635709 0.535253 0.218242 0.185664
8 0.302068 0.538190 0.238552 0.264395
8 0.209934 0.365746 0.092688 0.085781
8 0.210303 0.368978 0.114106 0.083431
8 0.731905 0.645270 0.095273 0.110165
8 0.203656 0.366334 0.102290 0.058167
7 0.620938 0.530846 0.201994 0.162750
8 0.641064 0.541422 0.169129 0.148649
9 0.149557 0.569183 0.043575 0.021445
8 0.778988 0.646592 0.201994 0.153937
8 0.735044 0.634694 0.112629 0.110752
8 0.795052 0.668331 0.183161 0.092244
7 0.778988 0.646592 0.201994 0.153937
