10 0.191703 0.686108 0.150950 0.177803
11 0.177449 0.523028 0.086623 0.427709
11 0.669956 0.168554 0.220029 0.108343
6 0.296601 0.493394 0.218933 0.345036
7 0.782346 0.571725 0.166301 0.314458
11 0.728070 0.183843 0.111111 0.092865
10 0.795687 0.580030 0.111111 0.281993
4 0.314510 0.568516 0.107822 0.128350
11 0.349232 0.183843 0.206506 0.138920
4 0.266082 0.375425 0.070906 0.058513
7 0.766265 0.560023 0.103436 0.191393
7 0.260782 0.532088 0.244518 0.420159
6 0.304825 0.479426 0.229532 0.300491
10 0.293677 0.441299 0.304459 0.652322
3 0.580958 0.633258 0.385599 0.171763
4 0.793311 0.576255 0.104898 0.218573
3 0.574196 0.598339 0.391082 0.172140
7 0.296601 0.493394 0.218933 0.345036
4 0.766265 0.560023 0.103436 0.191393
11 0.324744 0.210079 0.266447 0.196678
6 0.260782 0.532088 0.244518 0.420159
