8 0.568801 0.334214 0.038511 0.045188
7 0.643877 0.163146 0.143661 0.056925
8 0.591735 0.461854 0.032453 0.030516
2 0.572479 0.456279 0.073561 0.109155
2 0.343141 0.392312 0.033752 0.028169
8 0.484639 0.184272 0.017309 0.011737
13 0.645824 0.199384 0.189961 0.098885
8 0.566421 0.412999 0.030290 0.019073
8 0.485071 0.185006 0.018174 0.013791
8 0.590653 0.460827 0.032021 0.027876
9 0.484639 0.184272 0.017309 0.011737
0 0.495673 0.274941 0.168325 0.109155
2 0.579403 0.333627 0.066638 0.049883
0 0.510169 0.296508 0.137603 0.144073
8 0.562743 0.412412 0.033319 0.018486
13 0.163133 0.531250 0.057118 0.031397
8 0.603202 0.326731 0.021636 0.014378
2 0.515578 0.270246 0.031588 0.031690
8 0.563825 0.491344 0.040675 0.040200
