12 0.278320 0.382600 0.318359 0.348400
1 0.354004 0.187000 0.153320 0.074800
11 0.836670 0.756000 0.049316 0.073600
13 0.702637 0.214600 0.032227 0.104400
0 0.616699 0.319400 0.126953 0.133200
11 0.601074 0.168200 0.075195 0.068400
11 0.354004 0.187000 0.153320 0.074800
3 0.592773 0.682600 0.489258 0.144400
3 0.592773 0.654600 0.471680 0.164400
10 0.121582 0.741400 0.087891 0.089200
13 0.349365 0.274400 0.153809 0.168800
8 0.811768 0.682400 0.036621 0.036000
0 0.599121 0.325400 0.149414 0.146800
0 0.613770 0.299000 0.120117 0.101200
11 0.121582 0.741400 0.087891 0.089200
1 0.349365 0.274400 0.153809 0.168800
11 0.315674 0.200600 0.120605 0.057200
13 0.354736 0.233800 0.071777 0.053200
13 0.324951 0.324400 0.208496 0.250400
9 0.665527 0.938200 0.157227 0.110800
