8 0.720052 0.348611 0.026910 0.020139
2 0.680339 0.379861 0.174913 0.097917
2 0.680122 0.369792 0.175347 0.060417
13 0.223958 0.476215 0.119792 0.094792
13 0.222656 0.478993 0.070312 0.062847
2 0.224826 0.466493 0.133681 0.095486
2 0.223958 0.476215 0.119792 0.094792
4 0.302083 0.622743 0.103299 0.073958
2 0.600694 0.248438 0.086806 0.078819
13 0.680339 0.379861 0.174913 0.097917
13 0.600694 0.248438 0.086806 0.078819
2 0.751953 0.360243 0.015191 0.013542
13 0.676866 0.348958 0.059462 0.033333
13 0.600477 0.246701 0.068142 0.087847
