8 0.816629 0.566028 0.034910 0.035854
8 0.766329 0.599929 0.035661 0.031239
8 0.736486 0.515442 0.048048 0.039049
8 0.179617 0.684949 0.034159 0.037984
8 0.239677 0.596024 0.043168 0.031239
6 0.282282 0.465566 0.354354 0.615903
8 0.712462 0.487043 0.290541 0.489883
8 0.298611 0.574370 0.050676 0.045438
8 0.328266 0.518992 0.046171 0.047568
8 0.274212 0.491303 0.305931 0.602769
10 0.877440 0.712638 0.108483 0.175719
11 0.877440 0.712638 0.108483 0.175719
6 0.709459 0.469116 0.361862 0.595314
10 0.123874 0.737132 0.091592 0.184239
8 0.175488 0.519702 0.031907 0.032659
10 0.165728 0.794107 0.147523 0.206603
11 0.123874 0.737132 0.091592 0.184239
10 0.185998 0.780973 0.176802 0.096557
10 0.851914 0.700923 0.132508 0.171459
8 0.657658 0.594427 0.069069 0.055733
8 0.272147 0.454917 0.036787 0.028044
3 0.573574 0.710508 0.454204 0.177849
8 0.418731 0.572595 0.067943 0.061058
8 0.631569 0.418353 0.043919 0.045083
8 0.713401 0.416400 0.038664 0.037629
0 0.548236 0.386759 0.121997 0.113241
