11 0.145399 0.534722 0.062500 0.060417
10 0.145399 0.534722 0.062500 0.060417
0 0.524957 0.239757 0.095920 0.087847
3 0.543186 0.513889 0.397135 0.060417
0 0.529731 0.234201 0.086372 0.068403
11 0.609375 0.116667 0.078993 0.032639
9 0.303385 0.493576 0.126736 0.051042
10 0.157986 0.532812 0.064236 0.086458
3 0.546224 0.501910 0.372830 0.105208
3 0.548177 0.513021 0.385417 0.071875
7 0.303385 0.493576 0.126736 0.051042
11 0.157986 0.532812 0.064236 0.086458
11 0.612196 0.119444 0.092448 0.031944
10 0.164497 0.536632 0.092014 0.082986
