11 0.870660 0.793750 0.050347 0.056944
0 0.531033 0.301910 0.108073 0.096181
13 0.210069 0.615625 0.121528 0.104167
11 0.108507 0.781771 0.043403 0.062847
11 0.119792 0.749826 0.079861 0.082986
10 0.862196 0.782986 0.033420 0.057639
13 0.682509 0.476562 0.062934 0.037847
11 0.101997 0.763889 0.040799 0.056944
11 0.862196 0.782986 0.033420 0.057639
13 0.661241 0.370660 0.153212 0.126042
11 0.863932 0.792882 0.037760 0.048264
11 0.311415 0.111111 0.103733 0.038194
10 0.101997 0.763889 0.040799 0.056944
