11 0.782798 0.544118 0.070699 0.042232
13 0.289603 0.393288 0.133081 0.099548
11 0.337807 0.133296 0.062382 0.026018
8 0.408129 0.151018 0.045747 0.062217
9 0.520416 0.234540 0.095652 0.107843
0 0.517580 0.222474 0.119471 0.114630
9 0.550851 0.329751 0.044612 0.047134
9 0.408129 0.151018 0.045747 0.062217
3 0.574858 0.567496 0.432892 0.119910
3 0.579206 0.519985 0.431758 0.153092
0 0.537618 0.261124 0.130057 0.167044
13 0.305482 0.417421 0.093762 0.073906
3 0.578828 0.538839 0.432514 0.157617
0 0.518336 0.237179 0.136862 0.125943
8 0.520416 0.234540 0.095652 0.107843
8 0.550851 0.329751 0.044612 0.047134
13 0.236484 0.472662 0.130435 0.080317
13 0.264272 0.345588 0.055198 0.047134
