1 0.679266 0.244325 0.243670 0.154447
11 0.847706 0.717715 0.039633 0.071083
7 0.680000 0.254187 0.254679 0.174172
1 0.674128 0.226089 0.255413 0.097134
11 0.762202 0.679382 0.068257 0.047265
2 0.624587 0.217901 0.044771 0.032378
11 0.680000 0.254187 0.254679 0.174172
13 0.685505 0.298102 0.068991 0.034239
8 0.602202 0.414775 0.032294 0.021213
10 0.847706 0.717715 0.039633 0.071083
8 0.780550 0.667845 0.017615 0.033867
11 0.849725 0.724786 0.051009 0.059174
3 0.613761 0.668031 0.355596 0.116859
10 0.849725 0.724786 0.051009 0.059174
2 0.762202 0.679382 0.068257 0.047265
13 0.691376 0.348158 0.088807 0.107555
3 0.616881 0.611649 0.358165 0.188686
8 0.745688 0.692966 0.039633 0.027540
