13 0.709635 0.458854 0.151910 0.096875
11 0.325738 0.402083 0.189670 0.263194
6 0.342014 0.345139 0.094618 0.161111
13 0.714410 0.443229 0.126736 0.034375
1 0.339193 0.327431 0.081163 0.124306
13 0.339193 0.327431 0.081163 0.124306
1 0.306207 0.469271 0.172309 0.115625
13 0.705729 0.446007 0.144965 0.057986
13 0.342014 0.345139 0.094618 0.161111
13 0.299045 0.476562 0.188368 0.097569
6 0.299045 0.476562 0.188368 0.097569
0 0.559028 0.371181 0.090278 0.086111
2 0.325738 0.402083 0.189670 0.263194
13 0.306207 0.469271 0.172309 0.115625
0 0.541016 0.377431 0.128906 0.102778
