13 0.237138 0.322151 0.255435 0.252757
1 0.272645 0.154105 0.236594 0.103554
11 0.287862 0.162224 0.227174 0.090993
13 0.634420 0.187806 0.126087 0.105392
13 0.250000 0.314338 0.240580 0.237132
11 0.667391 0.118719 0.151449 0.057292
11 0.651993 0.119485 0.123551 0.046569
11 0.272101 0.691330 0.050000 0.040748
13 0.655254 0.165288 0.086594 0.064645
11 0.273370 0.166513 0.236594 0.096507
13 0.257790 0.374081 0.275000 0.354779
9 0.414674 0.232537 0.110507 0.221814
11 0.666848 0.117800 0.239493 0.085478
