7 0.861545 0.513715 0.067708 0.046875
10 0.935547 0.645833 0.067274 0.053472
13 0.869575 0.278125 0.034288 0.034028
11 0.949219 0.653819 0.054688 0.052778
10 0.947917 0.644965 0.045139 0.074653
11 0.725260 0.102604 0.063368 0.023264
13 0.859592 0.384722 0.188802 0.078472
0 0.698134 0.296875 0.143663 0.126389
13 0.853516 0.342708 0.143663 0.164583
0 0.701823 0.299653 0.131944 0.134028
11 0.947917 0.644965 0.045139 0.074653
11 0.935547 0.645833 0.067274 0.053472
10 0.949219 0.653819 0.054688 0.052778
0 0.703559 0.295833 0.134549 0.119444
