3 0.526259 0.473958 0.410156 0.109722
8 0.237413 0.258681 0.085937 0.058333
8 0.305990 0.165278 0.038194 0.029861
8 0.239149 0.258160 0.077257 0.056597
8 0.666667 0.350868 0.090278 0.085764
3 0.525608 0.457465 0.416667 0.087847
0 0.525608 0.239063 0.110243 0.105208
8 0.732422 0.311806 0.047309 0.031250
8 0.237847 0.257639 0.079861 0.065972
3 0.525608 0.454514 0.418403 0.122222
8 0.768663 0.407292 0.035590 0.028472
8 0.343533 0.317708 0.061198 0.046528
8 0.661458 0.350174 0.089410 0.094792
0 0.524089 0.252257 0.118490 0.132292
8 0.669922 0.355035 0.079427 0.074653
7 0.349392 0.286458 0.076389 0.158333
0 0.521050 0.218750 0.102865 0.070139
8 0.338325 0.255903 0.043837 0.041667
