0 0.553270 0.320658 0.135747 0.086682
7 0.194981 0.315344 0.036199 0.042843
13 0.198684 0.311857 0.031263 0.036533
13 0.185932 0.373796 0.092966 0.155098
7 0.400247 0.251744 0.072398 0.172700
10 0.909502 0.832448 0.033731 0.034208
8 0.766557 0.275988 0.024270 0.042511
11 0.051831 0.847891 0.039490 0.035204
13 0.757096 0.364165 0.087618 0.216207
13 0.755039 0.361508 0.066228 0.217536
9 0.400247 0.251744 0.072398 0.172700
10 0.051831 0.847891 0.039490 0.035204
8 0.741464 0.326636 0.023447 0.028230
11 0.909502 0.832448 0.033731 0.034208
