13 0.202474 0.438021 0.087240 0.035069
13 0.286892 0.179861 0.026910 0.012500
13 0.287543 0.181771 0.025608 0.023958
13 0.187066 0.433333 0.049479 0.015278
10 0.098958 0.734549 0.037326 0.038542
13 0.780599 0.328125 0.103733 0.070833
13 0.782118 0.329514 0.111979 0.065972
13 0.770833 0.325694 0.112847 0.074306
11 0.098958 0.734549 0.037326 0.038542
13 0.184245 0.430382 0.069010 0.018403
9 0.287543 0.181771 0.025608 0.023958
8 0.286892 0.179861 0.026910 0.012500
11 0.770833 0.325694 0.112847 0.074306
13 0.322483 0.210417 0.094618 0.077083
