9 0.174696 0.441146 0.152344 0.053819
10 0.089627 0.647569 0.019531 0.032639
0 0.585503 0.299306 0.142361 0.100694
10 0.855469 0.586806 0.203125 0.194444
13 0.337457 0.420486 0.108941 0.109722
11 0.356554 0.080382 0.069878 0.018403
10 0.917535 0.613889 0.052951 0.077778
10 0.897786 0.623090 0.108941 0.135069
11 0.089627 0.647569 0.019531 0.032639
13 0.330078 0.445139 0.110677 0.170139
0 0.592231 0.311979 0.124566 0.134375
13 0.267795 0.500347 0.190104 0.043750
13 0.338976 0.425174 0.108507 0.118403
0 0.601780 0.305382 0.113281 0.110069
