13 0.305990 0.293294 0.080078 0.039062
5 0.331380 0.343099 0.223307 0.428385
0 0.547038 0.266276 0.090820 0.113281
11 0.372721 0.096517 0.117187 0.027669
13 0.316732 0.433594 0.173828 0.119141
13 0.328451 0.344889 0.121745 0.066732
7 0.283366 0.449707 0.141602 0.323893
3 0.558268 0.510254 0.315104 0.110352
6 0.283366 0.449707 0.141602 0.323893
6 0.701172 0.361491 0.204427 0.452799
0 0.547689 0.270671 0.108398 0.127279
6 0.316732 0.433594 0.173828 0.119141
5 0.661133 0.351400 0.246745 0.439779
11 0.566406 0.096842 0.073568 0.028320
7 0.701172 0.361491 0.204427 0.452799
