9 0.503743 0.370768 0.137044 0.354818
9 0.490072 0.362793 0.043294 0.324544
11 0.625814 0.115397 0.079753 0.026367
3 0.563314 0.495280 0.299805 0.125977
11 0.445801 0.109863 0.098633 0.049805
9 0.461100 0.232422 0.036133 0.148438
13 0.710286 0.344401 0.100911 0.203125
2 0.702637 0.285807 0.084961 0.087240
2 0.710286 0.344401 0.100911 0.203125
0 0.563151 0.231120 0.076172 0.080078
2 0.707194 0.328288 0.099284 0.165039
0 0.565755 0.225098 0.075521 0.074544
11 0.434733 0.118327 0.112956 0.054362
13 0.707194 0.328288 0.099284 0.165039
