3 0.598439 0.685299 0.469535 0.124120
0 0.594250 0.363996 0.118431 0.088322
2 0.315880 0.313087 0.310358 0.295775
2 0.324448 0.318515 0.285605 0.305458
8 0.741432 0.666227 0.189642 0.141725
13 0.329208 0.317782 0.292841 0.286972
9 0.691356 0.582453 0.152704 0.082746
13 0.324448 0.318515 0.285605 0.305458
11 0.689642 0.184272 0.199543 0.062207
11 0.901752 0.797095 0.030465 0.057218
10 0.901752 0.797095 0.030465 0.057218
2 0.764661 0.288879 0.233816 0.247359
13 0.857007 0.348151 0.071211 0.027289
2 0.618621 0.375000 0.028561 0.022300
13 0.846725 0.386150 0.082635 0.035211
10 0.113290 0.830252 0.047601 0.067782
13 0.749048 0.327905 0.234577 0.311913
11 0.113290 0.830252 0.047601 0.067782
13 0.315880 0.313087 0.310358 0.295775
11 0.324448 0.318515 0.285605 0.305458
11 0.111767 0.823504 0.046078 0.034331
13 0.764661 0.288879 0.233816 0.247359
