13 0.165148 0.499826 0.049913 0.034375
3 0.542969 0.539062 0.434896 0.081597
10 0.837891 0.563889 0.060330 0.081944
11 0.298611 0.208854 0.106771 0.030208
3 0.544488 0.560243 0.447483 0.114931
10 0.834201 0.572396 0.053819 0.072569
11 0.834201 0.572396 0.053819 0.072569
0 0.546007 0.330035 0.125000 0.097569
0 0.539062 0.330903 0.141493 0.104861
11 0.837891 0.563889 0.060330 0.081944
3 0.539931 0.517188 0.442708 0.120486
0 0.540799 0.335590 0.120660 0.092708
2 0.586589 0.340799 0.032552 0.052431
