10 0.724849 0.558806 0.193675 0.344563
10 0.705422 0.568262 0.195783 0.335697
13 0.664759 0.349439 0.173494 0.096631
6 0.236898 0.632092 0.115361 0.118794
7 0.217922 0.576093 0.126807 0.311761
10 0.702410 0.557772 0.222289 0.337175
0 0.532681 0.344267 0.103313 0.083924
7 0.265813 0.432181 0.019578 0.023345
8 0.267169 0.434840 0.019880 0.013889
6 0.217922 0.576093 0.126807 0.311761
7 0.714759 0.455083 0.107831 0.061466
10 0.164608 0.767878 0.031024 0.091312
8 0.205422 0.416814 0.019277 0.015662
7 0.210542 0.418292 0.036747 0.020390
11 0.164608 0.767878 0.031024 0.091312
7 0.188554 0.591903 0.022892 0.030733
7 0.702711 0.434988 0.144578 0.088652
