0 0.575197 0.257975 0.119685 0.115560
2 0.397441 0.442057 0.087008 0.105469
2 0.634843 0.374023 0.082283 0.098307
2 0.632677 0.368327 0.088189 0.114909
2 0.629528 0.367025 0.096850 0.114258
0 0.569488 0.247559 0.124016 0.081055
2 0.389961 0.142578 0.053937 0.055990
2 0.399016 0.438639 0.042913 0.107747
3 0.614370 0.556803 0.426378 0.100586
9 0.926378 0.560384 0.121260 0.446289
2 0.388583 0.141764 0.051181 0.060221
11 0.389961 0.142578 0.053937 0.055990
5 0.287402 0.437826 0.237008 0.351563
3 0.609252 0.543620 0.412992 0.060547
13 0.277953 0.494303 0.118110 0.057617
11 0.895866 0.598307 0.079921 0.097005
10 0.895866 0.598307 0.079921 0.097005
2 0.398425 0.437826 0.060630 0.108073
2 0.388189 0.139811 0.053543 0.066081
0 0.568504 0.247070 0.133858 0.087891
3 0.594488 0.535156 0.385039 0.102865
5 0.764567 0.421061 0.239370 0.300456
