13 0.684028 0.178646 0.151910 0.114931
3 0.587240 0.550521 0.431424 0.117708
3 0.581597 0.552431 0.414931 0.068750
11 0.320530 0.110417 0.067274 0.034028
0 0.587891 0.291840 0.078559 0.105903
11 0.641493 0.109201 0.125868 0.036458
13 0.651910 0.211111 0.177083 0.163194
11 0.644748 0.120313 0.186198 0.049653
13 0.685981 0.218056 0.163628 0.199306
6 0.685981 0.218056 0.163628 0.199306
3 0.581814 0.529861 0.412760 0.118750
0 0.569661 0.291146 0.101997 0.107986
0 0.559462 0.298785 0.138021 0.131597
