12 0.713671 0.254293 0.143524 0.142514
11 0.362038 0.803056 0.043775 0.044986
13 0.240043 0.674279 0.192321 0.306662
13 0.275386 0.663977 0.237173 0.295673
13 0.361679 0.262019 0.199498 0.240385
0 0.594726 0.400584 0.116613 0.155563
10 0.183351 0.879979 0.141371 0.100618
0 0.592931 0.379979 0.113742 0.101992
0 0.597775 0.396635 0.123430 0.146291
7 0.721385 0.663290 0.219950 0.292926
10 0.161464 0.858688 0.076785 0.115728
10 0.216003 0.868132 0.196627 0.061126
10 0.797273 0.794815 0.112666 0.194712
13 0.354862 0.243819 0.216720 0.243819
7 0.724794 0.713255 0.203086 0.347527
13 0.369932 0.256181 0.159311 0.180632
7 0.229817 0.655907 0.093649 0.110577
10 0.756010 0.783997 0.192321 0.171016
7 0.729099 0.611607 0.108360 0.133242
10 0.796017 0.802541 0.114460 0.260302
11 0.351453 0.147665 0.153211 0.077610
11 0.161464 0.858688 0.076785 0.115728
13 0.700395 0.259272 0.213850 0.160714
13 0.708827 0.268372 0.193398 0.173420
