13 0.721522 0.279858 0.227319 0.157895
13 0.318800 0.281123 0.165827 0.123988
13 0.801663 0.265688 0.060988 0.052632
8 0.723286 0.247470 0.053427 0.059717
13 0.321825 0.280364 0.199093 0.109312
6 0.345766 0.221407 0.226815 0.255567
13 0.349546 0.241144 0.193044 0.227227
8 0.649194 0.259362 0.029234 0.024798
8 0.811744 0.301872 0.023690 0.025810
8 0.777722 0.359312 0.020161 0.019231
6 0.746724 0.350455 0.251512 0.285931
13 0.403730 0.139170 0.074597 0.071862
13 0.795363 0.326670 0.205645 0.252530
