7 0.815430 0.771000 0.086914 0.111600
2 0.696777 0.055800 0.050781 0.050800
8 0.245850 0.459600 0.030762 0.023200
7 0.366211 0.302000 0.152344 0.132000
0 0.526367 0.470400 0.186523 0.164000
3 0.587891 0.733800 0.437500 0.126800
0 0.571777 0.450600 0.099609 0.120400
9 0.240967 0.787000 0.167480 0.093200
3 0.580566 0.748600 0.454102 0.078800
7 0.458008 0.333000 0.074219 0.164400
11 0.371338 0.243600 0.157715 0.044800
13 0.366211 0.302000 0.152344 0.132000
10 0.085449 0.862800 0.048828 0.047200
0 0.569336 0.439800 0.106445 0.111600
2 0.679688 0.139600 0.036133 0.041600
11 0.853760 0.820400 0.062988 0.074400
8 0.243408 0.459000 0.032715 0.018800
2 0.244385 0.459400 0.029785 0.024400
2 0.693604 0.125800 0.059082 0.199600
10 0.853760 0.820400 0.062988 0.074400
2 0.245850 0.459600 0.030762 0.023200
2 0.694336 0.129800 0.062500 0.194800
8 0.145020 0.751200 0.014648 0.011200
9 0.366211 0.302000 0.152344 0.132000
3 0.585449 0.712400 0.430664 0.164800
11 0.623535 0.256800 0.096680 0.057600
11 0.085449 0.862800 0.048828 0.047200
9 0.221680 0.795800 0.215820 0.094000
2 0.701660 0.204000 0.043945 0.041600
