3 0.552867 0.640516 0.429041 0.163899
11 0.296288 0.186626 0.195019 0.113636
11 0.693844 0.146198 0.115132 0.024913
9 0.865836 0.668925 0.037124 0.196241
8 0.201598 0.392264 0.018797 0.010927
7 0.865836 0.668925 0.037124 0.196241
3 0.548872 0.640297 0.426692 0.151224
8 0.249765 0.282124 0.006109 0.009178
9 0.121241 0.621285 0.064850 0.187500
11 0.125235 0.619755 0.054981 0.193182
3 0.554511 0.642920 0.423872 0.158217
0 0.585291 0.368007 0.124530 0.161713
11 0.751645 0.174607 0.116071 0.093094
11 0.334117 0.171329 0.206767 0.089161
0 0.595865 0.364510 0.110902 0.162587
0 0.581767 0.344406 0.139098 0.118007
7 0.121241 0.621285 0.064850 0.187500
7 0.125235 0.619755 0.054981 0.193182
13 0.345865 0.202360 0.064850 0.072552
