13 0.241569 0.467484 0.219027 0.366243
10 0.196486 0.687999 0.194888 0.100798
11 0.163472 0.654597 0.082712 0.096660
11 0.196486 0.687999 0.194888 0.100798
11 0.139688 0.569761 0.033014 0.130358
13 0.318424 0.138043 0.154775 0.143659
11 0.671636 0.094443 0.153355 0.071239
13 0.210330 0.450636 0.121051 0.256281
1 0.318424 0.138043 0.154775 0.143659
13 0.191161 0.474283 0.176429 0.411765
11 0.323926 0.179427 0.192758 0.177949
0 0.561058 0.296630 0.157259 0.141590
10 0.223110 0.667455 0.227547 0.138339
11 0.315761 0.113213 0.133120 0.087496
7 0.223110 0.667455 0.227547 0.138339
