13 0.340112 0.252885 0.239179 0.234092
0 0.581530 0.325420 0.100373 0.122651
11 0.616045 0.137323 0.020149 0.008243
8 0.206343 0.458787 0.011940 0.007583
8 0.279851 0.241345 0.098507 0.085724
2 0.340112 0.252885 0.239179 0.234092
10 0.100000 0.706891 0.033582 0.071876
8 0.206530 0.425651 0.017537 0.012529
8 0.395336 0.180844 0.078731 0.113089
8 0.207463 0.425651 0.011940 0.015167
8 0.245149 0.272997 0.014179 0.013848
10 0.378545 0.133696 0.138433 0.023409
8 0.334701 0.463567 0.014179 0.009232
8 0.360075 0.340917 0.130597 0.076492
11 0.100000 0.706891 0.033582 0.071876
8 0.254104 0.245796 0.012687 0.030663
8 0.204291 0.457798 0.010075 0.008243
8 0.297575 0.215298 0.027985 0.017145
