11 0.299124 0.179429 0.194188 0.107202
13 0.777445 0.268419 0.139760 0.077401
11 0.706181 0.151490 0.115314 0.046358
13 0.327030 0.316432 0.162362 0.151076
11 0.773063 0.246482 0.108856 0.104719
0 0.562500 0.283113 0.133303 0.108444
13 0.778598 0.269247 0.090406 0.055050
11 0.690268 0.142591 0.155443 0.064156
7 0.773063 0.246482 0.108856 0.104719
2 0.608625 0.270281 0.025369 0.043046
13 0.773063 0.246482 0.108856 0.104719
11 0.308579 0.163493 0.176199 0.056291
11 0.316421 0.158940 0.178967 0.067881
11 0.714483 0.154180 0.118081 0.060017
13 0.313884 0.303808 0.184041 0.169702
0 0.565729 0.291805 0.128690 0.119205
13 0.294050 0.318709 0.156365 0.135762
