11 0.706693 0.163574 0.278740 0.142253
4 0.731890 0.238932 0.184252 0.186849
13 0.730118 0.232096 0.170472 0.214193
6 0.716929 0.233398 0.226772 0.179688
11 0.835433 0.575521 0.109449 0.190104
10 0.820669 0.583984 0.163386 0.169271
10 0.852559 0.573405 0.094882 0.155924
13 0.224409 0.352376 0.108661 0.053711
10 0.835433 0.575521 0.109449 0.190104
13 0.231299 0.349284 0.086220 0.050130
4 0.752165 0.196452 0.142913 0.095378
0 0.617126 0.268066 0.130315 0.103190
13 0.731890 0.238932 0.184252 0.186849
6 0.231890 0.398275 0.085039 0.171549
13 0.716929 0.233398 0.226772 0.179688
