0 0.585612 0.326335 0.134766 0.131836
4 0.338704 0.580241 0.236654 0.274414
11 0.244141 0.593424 0.027995 0.154297
13 0.367188 0.215658 0.077474 0.032878
0 0.584147 0.320964 0.135742 0.150391
10 0.337728 0.684733 0.233398 0.088216
6 0.299479 0.501302 0.109375 0.105469
7 0.344564 0.545085 0.242513 0.264648
4 0.344564 0.545085 0.242513 0.264648
7 0.338704 0.580241 0.236654 0.274414
11 0.373535 0.179362 0.146810 0.105469
0 0.597005 0.316569 0.107422 0.137044
4 0.350260 0.556315 0.175130 0.241536
13 0.296549 0.494141 0.100260 0.079427
