13 0.269097 0.276389 0.202257 0.167361
2 0.298394 0.276910 0.240017 0.198958
12 0.733290 0.457292 0.358941 0.588889
10 0.856771 0.762500 0.136285 0.041667
12 0.711372 0.267188 0.286458 0.192708
12 0.717882 0.277778 0.276910 0.215972
8 0.365885 0.421181 0.115451 0.091667
4 0.776910 0.606076 0.186632 0.200347
8 0.353950 0.423611 0.084635 0.100694
8 0.745443 0.595660 0.239149 0.210764
13 0.269965 0.266146 0.230903 0.193403
4 0.746962 0.608854 0.282118 0.239236
2 0.269965 0.266146 0.230903 0.193403
13 0.298394 0.276910 0.240017 0.198958
12 0.891059 0.634549 0.050347 0.235764
11 0.856771 0.762500 0.136285 0.041667
4 0.745443 0.595660 0.239149 0.210764
