7 0.383301 0.327962 0.189128 0.243815
7 0.412109 0.214193 0.149089 0.149089
8 0.756348 0.522624 0.019206 0.018555
7 0.774577 0.375651 0.094076 0.081380
8 0.382161 0.367839 0.206380 0.210937
6 0.379395 0.301107 0.218424 0.448568
10 0.229492 0.663411 0.046224 0.106771
11 0.229492 0.663411 0.046224 0.106771
8 0.383301 0.327962 0.189128 0.243815
4 0.382161 0.367839 0.206380 0.210937
8 0.688314 0.333008 0.036784 0.044271
4 0.383301 0.327962 0.189128 0.243815
11 0.388997 0.208008 0.223307 0.210286
7 0.379395 0.301107 0.218424 0.448568
