3 0.510200 0.556424 0.446615 0.154514
10 0.170573 0.517361 0.215278 0.155556
13 0.175781 0.372049 0.157118 0.037153
13 0.178602 0.365451 0.162760 0.046181
0 0.546007 0.317882 0.151042 0.094792
10 0.176649 0.546875 0.173611 0.152083
13 0.393229 0.155035 0.084201 0.088542
0 0.562066 0.328993 0.126736 0.095486
13 0.186415 0.372569 0.146267 0.045833
6 0.178602 0.483333 0.111545 0.072222
10 0.248698 0.569792 0.359375 0.141667
0 0.563802 0.323611 0.119792 0.103472
13 0.314236 0.235937 0.114583 0.196875
