13 0.336035 0.381719 0.104019 0.160283
3 0.527693 0.579659 0.398852 0.171226
11 0.325397 0.213550 0.103681 0.064049
9 0.359169 0.072578 0.164471 0.138075
9 0.066194 0.633408 0.126984 0.656582
7 0.336035 0.381719 0.104019 0.160283
11 0.418440 0.188285 0.085782 0.026392
9 0.072442 0.631477 0.106383 0.614741
0 0.572104 0.371098 0.129686 0.117799
3 0.532253 0.606855 0.388382 0.188928
9 0.229483 0.463631 0.425870 0.340200
9 0.338737 0.076601 0.182371 0.150628
9 0.800574 0.161893 0.043566 0.065014
0 0.566532 0.400064 0.130699 0.185388
9 0.352246 0.091246 0.178318 0.149018
9 0.078690 0.660766 0.095238 0.678468
