13 0.311198 0.300618 0.203776 0.371419
7 0.311198 0.300618 0.203776 0.371419
11 0.632650 0.130046 0.140951 0.058919
0 0.568685 0.279622 0.102214 0.100911
11 0.654134 0.144694 0.180664 0.087565
11 0.666178 0.192546 0.228190 0.151367
11 0.135905 0.706055 0.032878 0.050130
4 0.694661 0.199382 0.123698 0.118164
7 0.695150 0.390137 0.170247 0.308919
4 0.696289 0.211426 0.124349 0.114909
4 0.328939 0.249349 0.258138 0.283203
11 0.135579 0.715007 0.028320 0.038086
6 0.307943 0.277344 0.172526 0.262370
9 0.481608 0.164225 0.077148 0.145508
7 0.665039 0.396647 0.238281 0.395508
7 0.307943 0.277344 0.172526 0.262370
5 0.665039 0.396647 0.238281 0.395508
10 0.145996 0.708659 0.036784 0.039062
0 0.554525 0.293294 0.111654 0.134766
11 0.145996 0.708659 0.036784 0.039062
13 0.328939 0.249349 0.258138 0.283203
6 0.695150 0.390137 0.170247 0.308919
0 0.561198 0.294271 0.093099 0.119141
1 0.328939 0.249349 0.258138 0.283203
6 0.328939 0.249349 0.258138 0.283203
6 0.688477 0.268229 0.218099 0.259115
10 0.135579 0.715007 0.028320 0.038086
10 0.135905 0.706055 0.032878 0.050130
13 0.688477 0.268229 0.218099 0.259115
5 0.311198 0.300618 0.203776 0.371419
