11 0.113232 0.872119 0.088389 0.086436
11 0.334728 0.150044 0.161088 0.063387
9 0.891213 0.786126 0.040795 0.120124
11 0.720711 0.187278 0.198745 0.105940
10 0.120554 0.850842 0.090481 0.070479
10 0.113232 0.872119 0.088389 0.086436
11 0.117678 0.874335 0.042887 0.073138
13 0.677040 0.205230 0.100941 0.098404
11 0.303609 0.145612 0.262029 0.093528
13 0.400366 0.170656 0.059100 0.070922
11 0.120554 0.850842 0.090481 0.070479
11 0.260722 0.735151 0.081067 0.067819
11 0.362448 0.131206 0.111925 0.036348
11 0.692207 0.157801 0.179393 0.061170
