13 0.317383 0.278030 0.313477 0.228788
11 0.715332 0.146780 0.133789 0.054167
11 0.307373 0.171780 0.141113 0.097348
13 0.858154 0.350568 0.101074 0.061742
0 0.584961 0.339962 0.108398 0.092045
11 0.707520 0.138447 0.150391 0.041288
13 0.685547 0.186932 0.122070 0.082955
7 0.303955 0.172917 0.137207 0.100379
13 0.759766 0.286364 0.298828 0.272727
13 0.852783 0.292045 0.097168 0.130303
13 0.336914 0.211174 0.223633 0.126136
11 0.303955 0.160795 0.174316 0.103409
13 0.667725 0.230114 0.087402 0.159470
