1 0.692323 0.219401 0.257087 0.157552
13 0.725984 0.245280 0.153543 0.180013
2 0.331890 0.229655 0.190551 0.166341
11 0.242323 0.213542 0.086220 0.069010
13 0.692323 0.219401 0.257087 0.157552
4 0.675984 0.265137 0.196850 0.274414
13 0.331890 0.229655 0.190551 0.166341
13 0.332480 0.240234 0.222441 0.216146
7 0.675984 0.265137 0.196850 0.274414
13 0.317323 0.208496 0.230709 0.166341
11 0.240748 0.229492 0.068898 0.087240
11 0.689370 0.191081 0.274803 0.161458
13 0.675984 0.265137 0.196850 0.274414
6 0.317323 0.208496 0.230709 0.166341
11 0.359646 0.150391 0.179134 0.046875
1 0.317323 0.208496 0.230709 0.166341
4 0.692323 0.219401 0.257087 0.157552
