13 0.678385 0.312663 0.161458 0.358398
2 0.684570 0.368001 0.116536 0.277669
13 0.853190 0.756999 0.027995 0.013997
2 0.382812 0.349121 0.140625 0.267904
8 0.744141 0.635905 0.025391 0.028971
13 0.684570 0.368001 0.116536 0.277669
13 0.372884 0.310872 0.160482 0.308594
2 0.372884 0.310872 0.160482 0.308594
13 0.691081 0.373698 0.126953 0.246745
13 0.377116 0.390951 0.152669 0.306641
2 0.377116 0.390951 0.152669 0.306641
2 0.678385 0.312663 0.161458 0.358398
8 0.779297 0.682129 0.014323 0.010742
2 0.691081 0.373698 0.126953 0.246745
13 0.382812 0.349121 0.140625 0.267904
