6 0.718817 0.270909 0.280104 0.224000
13 0.190548 0.305455 0.149763 0.061091
7 0.718817 0.270909 0.280104 0.224000
13 0.744066 0.266909 0.260682 0.271273
11 0.331679 0.139273 0.165300 0.051636
8 0.736513 0.249455 0.289599 0.183273
8 0.128615 0.365091 0.094087 0.083636
11 0.686664 0.128364 0.184722 0.042909
6 0.112861 0.359455 0.108330 0.069455
13 0.718817 0.270909 0.280104 0.224000
7 0.145447 0.364909 0.115667 0.070182
11 0.736513 0.249455 0.289599 0.183273
6 0.145447 0.364909 0.115667 0.070182
13 0.331679 0.139273 0.165300 0.051636
5 0.744066 0.266909 0.260682 0.271273
