13 0.789714 0.309375 0.023003 0.025000
7 0.369792 0.463021 0.323785 0.484375
5 0.347439 0.414757 0.259983 0.344097
5 0.871528 0.647569 0.246528 0.220833
13 0.289931 0.466319 0.146701 0.028472
6 0.807943 0.576215 0.196615 0.246875
10 0.308594 0.665278 0.368056 0.287500
7 0.422309 0.238368 0.164931 0.135764
13 0.378906 0.582292 0.226562 0.029167
10 0.269748 0.642014 0.290365 0.275694
10 0.212240 0.651215 0.131076 0.194792
6 0.347439 0.414757 0.259983 0.344097
6 0.877821 0.337153 0.108941 0.138194
11 0.376085 0.248438 0.291233 0.158681
6 0.871528 0.647569 0.246528 0.220833
0 0.666667 0.335417 0.126736 0.131944
11 0.308594 0.665278 0.368056 0.287500
13 0.293403 0.475694 0.135417 0.029167
6 0.330729 0.504514 0.290799 0.449306
11 0.333333 0.242882 0.194444 0.142708
0 0.661241 0.320486 0.148872 0.102778
6 0.882378 0.365104 0.096354 0.102431
1 0.333333 0.242882 0.194444 0.142708
