6 0.771890 0.778799 0.137542 0.148161
11 0.811725 0.797016 0.120256 0.190146
8 0.744457 0.613810 0.222473 0.249827
11 0.407554 0.148161 0.160466 0.047883
13 0.758174 0.263706 0.155956 0.172103
4 0.750094 0.618147 0.222473 0.257113
6 0.375611 0.305517 0.138670 0.200902
11 0.130214 0.939972 0.048478 0.061763
10 0.822999 0.780014 0.080421 0.244275
13 0.740511 0.281402 0.147689 0.104788
0 0.624014 0.409438 0.099587 0.110340
6 0.384066 0.309334 0.167606 0.249480
11 0.118189 0.930430 0.065765 0.105135
11 0.685081 0.178175 0.115746 0.030187
10 0.118189 0.930430 0.065765 0.105135
10 0.814543 0.827030 0.088313 0.263359
13 0.246336 0.732477 0.212326 0.347675
13 0.262307 0.706974 0.130026 0.271686
11 0.702180 0.185288 0.069523 0.027065
2 0.641300 0.393997 0.068020 0.068355
10 0.130214 0.939972 0.048478 0.061763
6 0.284667 0.736294 0.150695 0.182512
13 0.388200 0.253123 0.192409 0.243234
0 0.613303 0.417071 0.136039 0.130465
13 0.384066 0.309334 0.167606 0.249480
11 0.173431 0.923317 0.155956 0.084663
10 0.173431 0.923317 0.155956 0.084663
10 0.811725 0.797016 0.120256 0.190146
7 0.743893 0.616586 0.221345 0.242887
0 0.614619 0.420194 0.124389 0.140874
