10 0.096137 0.660937 0.090712 0.078819
0 0.497613 0.293750 0.127170 0.100694
10 0.123698 0.675174 0.157118 0.095486
11 0.082248 0.663542 0.055122 0.071528
10 0.082248 0.663542 0.055122 0.071528
13 0.185113 0.559375 0.217448 0.038889
13 0.207248 0.552951 0.197483 0.035069
13 0.701823 0.316319 0.078125 0.025000
13 0.197049 0.551042 0.203993 0.038194
11 0.593316 0.126736 0.118924 0.043056
13 0.699436 0.323958 0.104601 0.041667
11 0.304905 0.130208 0.134115 0.018056
13 0.690104 0.313715 0.089410 0.076042
