13 0.753623 0.306920 0.065217 0.116815
9 0.931159 0.552641 0.048007 0.236979
11 0.959013 0.596540 0.025815 0.161830
7 0.779665 0.307478 0.138134 0.103795
11 0.931839 0.541295 0.047554 0.241815
11 0.766757 0.233631 0.230978 0.106399
13 0.782609 0.324963 0.113225 0.076265
11 0.752944 0.224516 0.210598 0.091890
13 0.779665 0.307478 0.138134 0.103795
2 0.931159 0.552641 0.048007 0.236979
11 0.939312 0.536272 0.076993 0.267485
2 0.939312 0.536272 0.076993 0.267485
7 0.812726 0.402716 0.216938 0.336682
6 0.832654 0.385417 0.104620 0.113095
6 0.753623 0.306920 0.065217 0.116815
