7 0.743898 0.488667 0.207797 0.362000
8 0.318814 0.646833 0.101356 0.085000
6 0.743898 0.488667 0.207797 0.362000
8 0.381695 0.489833 0.311864 0.473000
7 0.346610 0.398167 0.231525 0.325667
8 0.710169 0.498000 0.275932 0.472000
9 0.710169 0.498000 0.275932 0.472000
8 0.320169 0.642333 0.102712 0.062667
6 0.756780 0.557167 0.182712 0.335667
9 0.749322 0.387500 0.127797 0.127667
6 0.396441 0.469000 0.183390 0.402667
8 0.743898 0.488667 0.207797 0.362000
8 0.346610 0.398167 0.231525 0.325667
9 0.381695 0.489833 0.311864 0.473000
0 0.624915 0.375000 0.102034 0.131333
6 0.346610 0.398167 0.231525 0.325667
