8 0.727171 0.700527 0.047156 0.038524
8 0.243451 0.347121 0.026572 0.026764
0 0.519835 0.354217 0.106287 0.169100
8 0.331961 0.681265 0.043413 0.045418
8 0.728293 0.699108 0.049401 0.044607
8 0.691243 0.587997 0.024701 0.022709
8 0.175150 0.619424 0.030689 0.030414
8 0.156624 0.670722 0.031063 0.035685
8 0.246070 0.344891 0.024326 0.025547
8 0.691617 0.379765 0.020210 0.018248
8 0.357036 0.743309 0.021707 0.025142
8 0.153256 0.668694 0.030314 0.033252
8 0.175337 0.620843 0.028817 0.025142
8 0.760105 0.661395 0.021707 0.020276
0 0.519461 0.338808 0.105539 0.119627
8 0.725487 0.703771 0.049775 0.056367
8 0.172904 0.619221 0.030689 0.029197
