11 0.717944 0.160642 0.136694 0.084122
11 0.289113 0.167905 0.080645 0.044595
13 0.210282 0.487669 0.126210 0.203041
13 0.213105 0.493750 0.094758 0.136824
11 0.710685 0.155743 0.105242 0.068919
10 0.161694 0.781926 0.119355 0.144257
10 0.160484 0.808615 0.108871 0.138851
13 0.277419 0.239527 0.112097 0.096622
0 0.550403 0.348986 0.116129 0.118243
11 0.161694 0.781926 0.119355 0.144257
11 0.324597 0.177534 0.176613 0.075338
11 0.140726 0.809966 0.078226 0.123986
13 0.218952 0.497973 0.106452 0.173649
0 0.549798 0.339358 0.132661 0.113176
11 0.160484 0.808615 0.108871 0.138851
