6 0.255908 0.588175 0.219048 0.102993
3 0.587125 0.665053 0.429277 0.205692
10 0.277601 0.615757 0.324515 0.179871
7 0.255908 0.588175 0.219048 0.102993
10 0.251323 0.628668 0.292416 0.465669
11 0.337919 0.307512 0.249735 0.244718
11 0.135273 0.545775 0.071605 0.247653
7 0.841799 0.718603 0.094180 0.133803
7 0.252557 0.596538 0.203175 0.082746
6 0.833510 0.719190 0.109347 0.153169
6 0.293651 0.434859 0.204233 0.125587
10 0.246208 0.651262 0.290653 0.167547
13 0.818166 0.739437 0.130864 0.071009
7 0.416049 0.321743 0.115344 0.210974
0 0.591887 0.382189 0.123457 0.115904
0 0.588183 0.378374 0.109700 0.111209
