8 0.713976 0.217535 0.019097 0.017014
2 0.647135 0.218924 0.035590 0.028819
3 0.544488 0.538021 0.411024 0.136458
8 0.778429 0.323958 0.016059 0.016667
8 0.716363 0.219965 0.020399 0.022569
13 0.374132 0.194792 0.074653 0.065972
2 0.725911 0.223785 0.034288 0.051736
3 0.542318 0.501389 0.420573 0.136806
0 0.564670 0.280208 0.100694 0.100000
8 0.649306 0.219618 0.028646 0.023264
13 0.725911 0.223785 0.034288 0.051736
0 0.497830 0.304167 0.228299 0.147917
8 0.781033 0.323264 0.022135 0.018750
8 0.647786 0.218924 0.031684 0.028819
8 0.724609 0.245660 0.018663 0.010069
2 0.780165 0.323958 0.023003 0.021528
13 0.634549 0.370660 0.071181 0.060069
7 0.368924 0.199479 0.075521 0.048264
0 0.547526 0.305035 0.134983 0.141319
2 0.370660 0.196701 0.079861 0.053819
3 0.549913 0.539757 0.430556 0.100347
2 0.374132 0.194792 0.074653 0.065972
8 0.726997 0.245660 0.019097 0.011458
