11 0.343506 0.107600 0.144043 0.032800
8 0.147705 0.500200 0.028809 0.028400
3 0.583008 0.606800 0.453125 0.146400
11 0.310303 0.617600 0.055176 0.059200
2 0.603516 0.260400 0.036133 0.064800
3 0.580566 0.616800 0.454102 0.165600
9 0.317871 0.623600 0.079102 0.064000
2 0.159668 0.504800 0.044922 0.034400
8 0.147705 0.501400 0.016113 0.022000
11 0.317871 0.623600 0.079102 0.064000
11 0.675293 0.113800 0.072266 0.015600
0 0.567139 0.254000 0.105957 0.089600
3 0.577393 0.608600 0.453613 0.162000
0 0.566406 0.268200 0.116211 0.107600
0 0.568115 0.273400 0.127441 0.114000
