10 0.911253 0.856552 0.029109 0.036069
11 0.911253 0.856552 0.029109 0.036069
0 0.584842 0.383521 0.107561 0.139643
9 0.143415 0.778293 0.173234 0.084050
2 0.617323 0.382528 0.048278 0.053607
0 0.577920 0.389477 0.137735 0.127068
0 0.591232 0.371112 0.099042 0.085705
10 0.912141 0.858537 0.042244 0.068498
3 0.608271 0.706651 0.426340 0.157181
11 0.347000 0.159497 0.116791 0.029120
11 0.912141 0.858537 0.042244 0.068498
3 0.613951 0.696228 0.441250 0.187293
11 0.679446 0.156023 0.135605 0.020847
