11 0.710249 0.185049 0.155172 0.084967
13 0.672893 0.285335 0.176245 0.173611
7 0.288554 0.227941 0.191092 0.176471
13 0.658525 0.269404 0.178161 0.203840
11 0.706897 0.186683 0.171456 0.089052
0 0.563697 0.324959 0.104406 0.087010
9 0.299808 0.239175 0.143678 0.116422
13 0.647989 0.265319 0.135057 0.191585
8 0.236590 0.288807 0.054598 0.064542
7 0.186303 0.532884 0.052682 0.065768
13 0.296216 0.239788 0.169061 0.150327
13 0.299808 0.239175 0.143678 0.116422
9 0.186303 0.532884 0.052682 0.065768
11 0.755029 0.200368 0.078065 0.051879
