7 0.315336 0.487396 0.178333 0.139680
9 0.259937 0.440836 0.495251 0.373369
9 0.064544 0.637900 0.079845 0.638197
13 0.221421 0.470047 0.065776 0.063464
0 0.584242 0.294781 0.135069 0.118624
12 0.296694 0.348754 0.269082 0.252669
9 0.281393 0.097865 0.289131 0.144128
9 0.091101 0.514087 0.160394 0.831257
12 0.269785 0.424081 0.355259 0.596679
9 0.055047 0.522242 0.103060 0.401542
9 0.701724 0.090006 0.277875 0.132562
9 0.249033 0.079626 0.282800 0.146797
12 0.268906 0.423191 0.379529 0.606168
9 0.491382 0.079626 0.763278 0.089858
3 0.578262 0.606910 0.422793 0.140866
10 0.119416 0.737248 0.062962 0.071174
11 0.119416 0.737248 0.062962 0.071174
9 0.697503 0.066726 0.229335 0.118031
9 0.143862 0.265866 0.059093 0.102906
10 0.255364 0.744365 0.362997 0.046856
