11 0.336846 0.108227 0.093750 0.025777
13 0.228561 0.281603 0.136628 0.188206
13 0.641352 0.208686 0.086483 0.174435
9 0.507267 0.670198 0.207849 0.451271
7 0.756904 0.177966 0.045785 0.043079
11 0.320858 0.120056 0.090843 0.052260
11 0.349927 0.103460 0.122093 0.039548
13 0.719477 0.222105 0.166424 0.143362
13 0.286337 0.347105 0.295058 0.154661
11 0.752725 0.161547 0.070131 0.056850
11 0.711483 0.136299 0.155523 0.086864
13 0.229651 0.270833 0.152616 0.185028
11 0.661337 0.124470 0.144622 0.047669
