13 0.268767 0.267594 0.278491 0.257038
7 0.838195 0.676441 0.107351 0.134383
10 0.163555 0.843834 0.103073 0.091153
4 0.838195 0.676441 0.107351 0.134383
7 0.629911 0.249665 0.173862 0.173592
11 0.655776 0.178954 0.266044 0.154826
11 0.873396 0.768599 0.050175 0.038539
9 0.541424 0.228887 0.137690 0.166220
4 0.676196 0.329088 0.134967 0.107239
11 0.708674 0.194705 0.151692 0.148123
7 0.638079 0.252178 0.261766 0.281166
6 0.268767 0.267594 0.278491 0.257038
13 0.262544 0.303954 0.251264 0.394102
6 0.820109 0.675268 0.169195 0.154155
11 0.155776 0.857239 0.040062 0.053619
7 0.653442 0.252849 0.269156 0.281836
13 0.269739 0.342326 0.270323 0.426609
6 0.269739 0.342326 0.270323 0.426609
13 0.638079 0.252178 0.261766 0.281166
7 0.795994 0.626676 0.204979 0.241957
10 0.873396 0.768599 0.050175 0.038539
10 0.155776 0.857239 0.040062 0.053619
11 0.163555 0.843834 0.103073 0.091153
