8 0.273220 0.362326 0.161892 0.147569
10 0.209852 0.630903 0.245226 0.165972
9 0.413628 0.310069 0.079861 0.174306
0 0.576389 0.352083 0.127604 0.121528
10 0.160373 0.593924 0.136719 0.162847
4 0.273220 0.362326 0.161892 0.147569
10 0.246094 0.647396 0.334201 0.204514
4 0.275174 0.375347 0.164931 0.138194
13 0.180773 0.397396 0.103733 0.127431
13 0.280382 0.281250 0.126736 0.122917
8 0.271918 0.361979 0.154948 0.134375
7 0.413628 0.310069 0.079861 0.174306
7 0.271918 0.361979 0.154948 0.134375
7 0.180773 0.397396 0.103733 0.127431
7 0.268012 0.343403 0.324219 0.231250
