9 0.265212 0.314143 0.297742 0.276206
2 0.259855 0.340433 0.203597 0.211647
8 0.724837 0.396339 0.319173 0.334775
11 0.258132 0.184193 0.261385 0.116140
2 0.267317 0.321298 0.223115 0.263228
13 0.259855 0.340433 0.203597 0.211647
9 0.724837 0.396339 0.319173 0.334775
2 0.715461 0.390682 0.283582 0.309484
9 0.409300 0.232113 0.097589 0.247255
1 0.278990 0.202496 0.166093 0.118802
11 0.266743 0.214642 0.271718 0.175707
13 0.296211 0.310150 0.165327 0.137105
2 0.728664 0.402329 0.269422 0.339434
8 0.265212 0.314143 0.297742 0.276206
13 0.777459 0.445424 0.148106 0.053577
