10 0.907022 0.904839 0.058642 0.058065
13 0.912616 0.852419 0.015046 0.073871
13 0.287230 0.199839 0.036651 0.026129
11 0.149113 0.793710 0.123843 0.146129
10 0.904707 0.910161 0.066358 0.095161
11 0.170525 0.810323 0.125000 0.132903
9 0.469907 0.600645 0.027778 0.025806
11 0.907022 0.904839 0.058642 0.058065
0 0.592207 0.326452 0.100309 0.090968
10 0.153742 0.788548 0.086034 0.149355
9 0.220872 0.271935 0.059799 0.034839
13 0.220872 0.271935 0.059799 0.034839
10 0.170525 0.810323 0.125000 0.132903
8 0.287230 0.199839 0.036651 0.026129
10 0.149113 0.793710 0.123843 0.146129
11 0.904707 0.910161 0.066358 0.095161
11 0.153742 0.788548 0.086034 0.149355
