0 0.524554 0.427763 0.123512 0.186141
10 0.717634 0.684330 0.098958 0.252717
3 0.502604 0.745697 0.363095 0.172554
7 0.686198 0.596694 0.106027 0.433424
7 0.365327 0.552989 0.131696 0.230978
0 0.534412 0.411232 0.126860 0.168478
3 0.499814 0.772192 0.360491 0.171196
7 0.633185 0.513587 0.261161 0.489130
7 0.534412 0.411232 0.126860 0.168478
7 0.365327 0.541440 0.122768 0.231431
3 0.499256 0.769022 0.376488 0.212862
7 0.288132 0.546649 0.088170 0.135870
7 0.265439 0.706522 0.122396 0.120471
0 0.537946 0.439764 0.107143 0.192935
