11 0.225787 0.528971 0.063386 0.057292
0 0.574213 0.180339 0.111417 0.083333
10 0.797441 0.527669 0.051575 0.056641
3 0.566535 0.468099 0.412598 0.121745
11 0.224213 0.525391 0.061811 0.057943
11 0.797441 0.527669 0.051575 0.056641
0 0.570276 0.186035 0.112992 0.120768
0 0.571850 0.174967 0.103543 0.090820
10 0.221063 0.531576 0.051575 0.053385
3 0.559055 0.492350 0.381890 0.092122
10 0.224213 0.525391 0.061811 0.057943
11 0.802756 0.539225 0.103150 0.092122
10 0.802756 0.539225 0.103150 0.092122
11 0.221063 0.531576 0.051575 0.053385
3 0.562598 0.475749 0.395276 0.116862
11 0.366142 0.084635 0.117323 0.028646
10 0.225787 0.528971 0.063386 0.057292
