5 0.521565 0.262715 0.658946 0.320459
2 0.328474 0.220841 0.238419 0.271128
9 0.248003 0.506692 0.192492 0.143786
13 0.248003 0.506692 0.192492 0.143786
9 0.521565 0.262715 0.658946 0.320459
6 0.679712 0.177055 0.183706 0.181262
0 0.536542 0.320268 0.232827 0.243595
11 0.316893 0.122945 0.136981 0.079159
13 0.328474 0.220841 0.238419 0.271128
11 0.521565 0.262715 0.658946 0.320459
13 0.521565 0.262715 0.658946 0.320459
8 0.521565 0.262715 0.658946 0.320459
6 0.696685 0.239388 0.217652 0.227151
6 0.318690 0.177629 0.216454 0.196176
6 0.328474 0.220841 0.238419 0.271128
7 0.696685 0.239388 0.217652 0.227151
13 0.696685 0.239388 0.217652 0.227151
