11 0.622070 0.199400 0.030273 0.020400
3 0.608398 0.629800 0.428711 0.125200
8 0.270264 0.275000 0.012207 0.018800
0 0.590820 0.328200 0.135742 0.106000
0 0.595459 0.339200 0.145020 0.128000
9 0.306885 0.290000 0.007324 0.006400
9 0.307129 0.289600 0.007812 0.007200
8 0.270752 0.267800 0.018066 0.031600
13 0.747314 0.251000 0.055176 0.032400
8 0.271973 0.256600 0.016602 0.010800
13 0.270264 0.275000 0.012207 0.018800
2 0.268555 0.268200 0.016602 0.037200
3 0.618164 0.623000 0.451172 0.159600
13 0.271973 0.256600 0.016602 0.010800
0 0.605713 0.328800 0.119629 0.091200
