13 0.732639 0.561806 0.065104 0.238889
9 0.720920 0.520833 0.067708 0.194444
13 0.255859 0.525868 0.182726 0.052431
9 0.737847 0.642535 0.079861 0.086458
11 0.828342 0.707639 0.040365 0.064583
13 0.238281 0.522049 0.177083 0.035764
11 0.747179 0.659549 0.022135 0.033681
13 0.240451 0.516146 0.142361 0.039931
10 0.129340 0.694618 0.063368 0.050347
11 0.127387 0.690278 0.051649 0.056250
10 0.828342 0.707639 0.040365 0.064583
10 0.132378 0.683854 0.047743 0.086458
11 0.129340 0.694618 0.063368 0.050347
10 0.127387 0.690278 0.051649 0.056250
3 0.557292 0.642535 0.394965 0.098958
0 0.518880 0.440104 0.122830 0.107986
3 0.550347 0.640972 0.372396 0.114583
9 0.749783 0.413368 0.256510 0.539931
11 0.132378 0.683854 0.047743 0.086458
