13 0.328288 0.218262 0.058268 0.141602
5 0.672201 0.572754 0.171224 0.394206
13 0.631836 0.202311 0.041016 0.129883
13 0.319499 0.546387 0.076497 0.161133
13 0.620117 0.209310 0.058594 0.159505
11 0.163411 0.793132 0.054688 0.078451
11 0.190104 0.801107 0.098307 0.066406
10 0.163411 0.793132 0.054688 0.078451
9 0.308431 0.261230 0.251628 0.313477
11 0.365397 0.134766 0.135742 0.037760
9 0.240723 0.639323 0.213867 0.285807
9 0.453125 0.515299 0.121745 0.354167
11 0.625163 0.131348 0.076497 0.026367
12 0.308431 0.261230 0.251628 0.313477
13 0.301432 0.359212 0.171224 0.133789
13 0.333822 0.228678 0.061523 0.145508
13 0.320964 0.360189 0.208333 0.136393
12 0.240723 0.639323 0.213867 0.285807
10 0.190104 0.801107 0.098307 0.066406
