11 0.189236 0.697569 0.098958 0.055556
11 0.053385 0.787847 0.056424 0.146528
0 0.504991 0.443750 0.101128 0.114583
10 0.053385 0.787847 0.056424 0.146528
13 0.298828 0.453819 0.038628 0.083333
9 0.189453 0.728993 0.200955 0.091319
9 0.197049 0.716146 0.177083 0.062153
11 0.197049 0.716146 0.177083 0.062153
13 0.240885 0.558507 0.171875 0.202431
11 0.256076 0.234722 0.072917 0.047917
13 0.251085 0.635417 0.128906 0.192361
10 0.051432 0.806076 0.075087 0.122569
0 0.482639 0.448090 0.149306 0.131597
11 0.051432 0.806076 0.075087 0.122569
