7 0.387199 0.188234 0.135241 0.147594
11 0.375301 0.174736 0.212048 0.106514
11 0.748042 0.417547 0.190060 0.222418
13 0.761596 0.304284 0.084036 0.120892
8 0.765964 0.456573 0.138554 0.143779
13 0.390663 0.238410 0.201807 0.262617
0 0.578163 0.283891 0.097289 0.090082
7 0.390663 0.238410 0.201807 0.262617
2 0.787500 0.455252 0.106928 0.138791
8 0.358434 0.650822 0.116867 0.129695
2 0.748042 0.417547 0.190060 0.222418
13 0.765964 0.456573 0.138554 0.143779
13 0.375904 0.239290 0.127711 0.133509
