10 0.213976 0.853993 0.263021 0.060764
11 0.082682 0.834896 0.069010 0.073264
13 0.706163 0.232813 0.075521 0.060069
13 0.346571 0.186979 0.145399 0.163542
7 0.263889 0.587847 0.178819 0.334028
10 0.732205 0.619965 0.250868 0.388542
13 0.355903 0.192361 0.129340 0.188889
12 0.254123 0.462847 0.412760 0.770833
1 0.355903 0.192361 0.129340 0.188889
13 0.347005 0.195139 0.154080 0.171528
10 0.695530 0.617188 0.221788 0.417014
13 0.702040 0.283854 0.174913 0.267708
10 0.082682 0.834896 0.069010 0.073264
8 0.686632 0.530903 0.215278 0.210417
12 0.167318 0.650347 0.279948 0.338889
12 0.210286 0.463368 0.271267 0.717708
7 0.702040 0.283854 0.174913 0.267708
0 0.585720 0.325868 0.117622 0.079514
7 0.722439 0.301736 0.213108 0.277083
13 0.209418 0.607986 0.092448 0.298611
10 0.736545 0.685069 0.150174 0.211806
