6 0.728543 0.213216 0.193307 0.107422
11 0.648622 0.157227 0.124016 0.057943
13 0.737008 0.222656 0.129921 0.075521
8 0.847835 0.332194 0.028740 0.023112
13 0.739370 0.280924 0.180315 0.186849
10 0.826772 0.709635 0.111024 0.177083
7 0.788780 0.588053 0.101969 0.120768
11 0.855709 0.696452 0.052362 0.122070
8 0.846063 0.335449 0.029921 0.028971
10 0.823622 0.712728 0.110236 0.118164
13 0.728543 0.213216 0.193307 0.107422
7 0.798622 0.609049 0.098031 0.102865
13 0.745866 0.493652 0.116142 0.126628
8 0.843504 0.335124 0.027165 0.025065
8 0.726575 0.242676 0.035039 0.025716
10 0.855709 0.696452 0.052362 0.122070
8 0.188976 0.665039 0.029134 0.033854
