10 0.850664 0.774610 0.095133 0.086048
11 0.117810 0.774079 0.035029 0.082861
13 0.155789 0.726629 0.085177 0.070822
13 0.140855 0.711579 0.048673 0.091714
11 0.327987 0.199894 0.088127 0.017351
10 0.123525 0.782932 0.087021 0.066572
10 0.116150 0.789306 0.053097 0.052408
11 0.870391 0.760092 0.046829 0.105878
11 0.853060 0.766643 0.040929 0.048159
0 0.536320 0.405984 0.125737 0.127125
13 0.146202 0.715297 0.043879 0.040368
10 0.117810 0.774079 0.035029 0.082861
11 0.640302 0.191926 0.080752 0.024079
10 0.853060 0.766643 0.040929 0.048159
11 0.116150 0.789306 0.053097 0.052408
13 0.363754 0.537712 0.098451 0.027266
10 0.870391 0.760092 0.046829 0.105878
13 0.817478 0.647132 0.078909 0.025142
