0 0.597955 0.355124 0.138241 0.122890
0 0.610838 0.352179 0.107566 0.109933
7 0.693047 0.243816 0.059305 0.050255
3 0.616360 0.699647 0.452352 0.150766
8 0.694683 0.241068 0.061759 0.058893
8 0.697342 0.243424 0.057260 0.058108
8 0.693047 0.243816 0.059305 0.050255
11 0.367280 0.133490 0.129243 0.029839
0 0.611452 0.373380 0.132515 0.141343
3 0.623926 0.721633 0.458487 0.150766
8 0.866667 0.663133 0.044172 0.038477
8 0.866667 0.731841 0.031084 0.027483
3 0.618609 0.727130 0.449489 0.141343
11 0.641718 0.136631 0.091616 0.048685
