9 0.695312 0.273264 0.230903 0.202083
11 0.845920 0.676562 0.048611 0.060764
9 0.730252 0.345313 0.233941 0.080903
11 0.324002 0.163021 0.159288 0.036458
7 0.730252 0.345313 0.233941 0.080903
11 0.330078 0.153993 0.121962 0.027431
11 0.718533 0.195833 0.154080 0.102083
10 0.848524 0.679167 0.052083 0.068750
11 0.848524 0.679167 0.052083 0.068750
4 0.730252 0.345313 0.233941 0.080903
11 0.843099 0.670660 0.062934 0.062153
10 0.843099 0.670660 0.062934 0.062153
7 0.719618 0.323438 0.214410 0.057986
9 0.719618 0.323438 0.214410 0.057986
10 0.845920 0.676562 0.048611 0.060764
