0 0.524658 0.277600 0.127441 0.119200
11 0.787842 0.772600 0.053223 0.058000
11 0.105713 0.763800 0.057129 0.057200
11 0.794434 0.748400 0.037109 0.102400
3 0.542969 0.633000 0.382812 0.132400
0 0.523438 0.287200 0.119141 0.123200
10 0.794434 0.748400 0.037109 0.102400
11 0.326416 0.102800 0.082520 0.036000
0 0.530762 0.254400 0.111328 0.076000
9 0.465332 0.429800 0.150391 0.654800
10 0.105713 0.763800 0.057129 0.057200
11 0.112793 0.752000 0.055664 0.048000
9 0.472900 0.395600 0.180176 0.730400
11 0.350098 0.108000 0.197266 0.043200
