8 0.313195 0.630729 0.031134 0.047333
8 0.712194 0.418670 0.047072 0.058978
8 0.743514 0.527047 0.040771 0.037566
11 0.659933 0.131292 0.084136 0.046206
8 0.265752 0.437077 0.297999 0.567618
8 0.815604 0.391247 0.041883 0.052968
8 0.707191 0.417731 0.056338 0.051089
8 0.751112 0.451916 0.192365 0.547708
0 0.604522 0.321938 0.091920 0.123216
8 0.788732 0.629414 0.045960 0.066491
8 0.748517 0.476146 0.160489 0.483471
3 0.552446 0.639369 0.373239 0.149512
7 0.271497 0.466942 0.199036 0.419234
8 0.323758 0.446281 0.033729 0.036814
7 0.748517 0.476146 0.160489 0.483471
8 0.179763 0.620398 0.045219 0.049962
8 0.257042 0.511458 0.040400 0.045455
0 0.603781 0.314050 0.096368 0.131480
8 0.271497 0.466942 0.199036 0.419234
8 0.344700 0.368144 0.049666 0.060105
