3 0.526476 0.605556 0.394097 0.129861
8 0.175998 0.320312 0.010851 0.010764
8 0.208116 0.314063 0.010851 0.012153
11 0.579861 0.189063 0.090278 0.026042
8 0.228299 0.292708 0.028646 0.017361
3 0.528863 0.603472 0.399740 0.130556
11 0.358290 0.185937 0.110677 0.017014
3 0.527995 0.639063 0.388455 0.110069
0 0.527344 0.347049 0.104167 0.089931
8 0.210069 0.330556 0.093750 0.122917
11 0.573134 0.185590 0.077691 0.021181
0 0.522569 0.357118 0.106771 0.110069
13 0.215712 0.340799 0.084201 0.114236
8 0.227865 0.380903 0.019965 0.012500
11 0.364800 0.188194 0.126302 0.022222
0 0.520833 0.338542 0.116319 0.098611
8 0.203559 0.361458 0.019097 0.013889
