10 0.933374 0.570129 0.056991 0.036385
7 0.854859 0.527142 0.117261 0.100646
8 0.690447 0.331133 0.135301 0.103580
4 0.694137 0.329812 0.123001 0.102113
10 0.944854 0.562207 0.046330 0.089202
8 0.694137 0.329812 0.123001 0.102113
11 0.933374 0.570129 0.056991 0.036385
7 0.420049 0.322330 0.068471 0.097124
7 0.807913 0.331426 0.076671 0.078932
9 0.861829 0.529196 0.097581 0.064261
7 0.690447 0.331133 0.135301 0.103580
4 0.854859 0.527142 0.117261 0.100646
11 0.944854 0.562207 0.046330 0.089202
11 0.849938 0.527142 0.053301 0.033744
7 0.810168 0.331573 0.100861 0.078638
10 0.944444 0.557658 0.051251 0.055458
0 0.594916 0.281397 0.139401 0.102700
11 0.944444 0.557658 0.051251 0.055458
8 0.420049 0.322330 0.068471 0.097124
8 0.815498 0.336121 0.096761 0.067195
8 0.692702 0.331133 0.118491 0.103580
7 0.424354 0.330986 0.059861 0.115610
