11 0.134026 0.831573 0.127279 0.046362
12 0.272794 0.459214 0.400438 0.710681
12 0.284099 0.464935 0.398979 0.709800
11 0.084792 0.834067 0.051422 0.037265
10 0.134026 0.831573 0.127279 0.046362
7 0.742159 0.263791 0.215901 0.212441
7 0.378009 0.421802 0.152079 0.268486
10 0.084792 0.834067 0.051422 0.037265
12 0.261853 0.473885 0.425237 0.715962
7 0.756018 0.262471 0.192560 0.186326
8 0.742159 0.263791 0.215901 0.212441
7 0.433078 0.233275 0.165937 0.193662
8 0.756018 0.262471 0.192560 0.186326
9 0.386214 0.359155 0.161926 0.401995
8 0.761670 0.258069 0.194384 0.193955
10 0.258753 0.870892 0.386944 0.113850
