13 0.784055 0.592936 0.105906 0.139648
7 0.292913 0.571615 0.203150 0.105469
5 0.323228 0.537760 0.257480 0.173828
0 0.587402 0.299967 0.126772 0.103841
5 0.311220 0.575033 0.238189 0.107096
13 0.782874 0.582845 0.093307 0.129883
13 0.292913 0.571615 0.203150 0.105469
7 0.784055 0.592936 0.105906 0.139648
5 0.782874 0.582845 0.093307 0.129883
0 0.590551 0.304525 0.116535 0.125977
9 0.782874 0.582845 0.093307 0.129883
9 0.311220 0.575033 0.238189 0.107096
13 0.311220 0.575033 0.238189 0.107096
6 0.803346 0.597331 0.101181 0.128255
0 0.590551 0.296224 0.121260 0.100911
5 0.803346 0.597331 0.101181 0.128255
6 0.323228 0.537760 0.257480 0.173828
