4 0.443522 0.494141 0.149414 0.223307
11 0.306803 0.611491 0.043294 0.051107
10 0.303385 0.611328 0.049479 0.063802
13 0.379557 0.527507 0.132161 0.146159
7 0.369141 0.537760 0.089193 0.127604
11 0.303385 0.611328 0.049479 0.063802
10 0.300781 0.628906 0.052734 0.066406
1 0.443522 0.494141 0.149414 0.223307
13 0.379720 0.524251 0.109701 0.145508
4 0.446615 0.494954 0.149740 0.240560
10 0.306803 0.611491 0.043294 0.051107
7 0.473958 0.403320 0.083333 0.264974
1 0.446615 0.494954 0.149740 0.240560
11 0.300781 0.628906 0.052734 0.066406
