7 0.247613 0.510764 0.266927 0.388889
11 0.205729 0.677778 0.179688 0.068056
11 0.091363 0.757465 0.049913 0.131597
10 0.091363 0.757465 0.049913 0.131597
11 0.370443 0.219792 0.079427 0.025000
9 0.050781 0.560764 0.088542 0.543056
3 0.580295 0.687674 0.461806 0.174653
6 0.240668 0.444618 0.270399 0.382986
13 0.184245 0.563368 0.095920 0.082986
9 0.032118 0.518924 0.059028 0.541319
9 0.205729 0.677778 0.179688 0.068056
0 0.540582 0.383333 0.118490 0.099306
13 0.240668 0.444618 0.270399 0.382986
9 0.261285 0.711285 0.315972 0.128819
13 0.246528 0.472049 0.215278 0.339931
9 0.209852 0.676563 0.142795 0.054514
