11 0.703797 0.179958 0.156877 0.041517
9 0.277579 0.843638 0.265759 0.148447
11 0.148460 0.941010 0.059814 0.071983
11 0.894699 0.871565 0.081662 0.084827
11 0.904370 0.882616 0.045845 0.088411
10 0.148460 0.941010 0.059814 0.071983
0 0.570738 0.343190 0.132163 0.110514
0 0.575394 0.330795 0.127149 0.091697
10 0.141117 0.941458 0.051576 0.066308
11 0.138073 0.923536 0.098496 0.088411
11 0.689291 0.167563 0.142908 0.019713
10 0.904370 0.882616 0.045845 0.088411
11 0.901146 0.882168 0.051576 0.095878
11 0.719019 0.179659 0.167980 0.040920
9 0.244090 0.839158 0.203797 0.129928
11 0.141117 0.941458 0.051576 0.066308
10 0.901146 0.882168 0.051576 0.095878
