13 0.729818 0.442535 0.155816 0.055208
13 0.725694 0.448264 0.157118 0.059722
0 0.563802 0.367014 0.117188 0.106250
11 0.632812 0.254514 0.085938 0.017361
13 0.349826 0.321701 0.092882 0.156597
13 0.361762 0.339236 0.098524 0.175000
13 0.292101 0.449306 0.191840 0.097917
13 0.296875 0.463194 0.187500 0.103472
0 0.557726 0.357465 0.131944 0.088542
13 0.743490 0.436285 0.142361 0.024653
13 0.284071 0.443576 0.194878 0.090625
7 0.296875 0.463194 0.187500 0.103472
11 0.295573 0.250868 0.057292 0.028125
7 0.346354 0.308681 0.072049 0.122917
7 0.361762 0.339236 0.098524 0.175000
