5 0.728190 0.677572 0.095703 0.168945
6 0.728190 0.677572 0.095703 0.168945
13 0.728190 0.677572 0.095703 0.168945
9 0.726400 0.707357 0.084961 0.075521
9 0.273926 0.308431 0.066732 0.213867
11 0.770508 0.799154 0.037760 0.059896
10 0.770508 0.799154 0.037760 0.059896
9 0.311523 0.460775 0.148438 0.247070
11 0.194824 0.766927 0.035482 0.048177
13 0.714518 0.655762 0.145833 0.038086
10 0.194824 0.766927 0.035482 0.048177
6 0.311523 0.460775 0.148438 0.247070
13 0.715658 0.641602 0.100586 0.054036
13 0.311523 0.460775 0.148438 0.247070
11 0.273926 0.308431 0.066732 0.213867
