8 0.314639 0.398682 0.262991 0.402636
9 0.315431 0.412356 0.255703 0.381219
9 0.321451 0.402142 0.265209 0.395058
3 0.565114 0.716310 0.471800 0.130478
8 0.315431 0.412356 0.255703 0.381219
8 0.321451 0.402142 0.265209 0.395058
13 0.326996 0.603624 0.197719 0.267545
13 0.702947 0.213509 0.098542 0.169357
9 0.025665 0.685173 0.044994 0.385832
9 0.120089 0.535091 0.024715 0.032949
3 0.572085 0.747282 0.478137 0.147611
0 0.573035 0.310379 0.115653 0.121252
13 0.716096 0.195717 0.086185 0.134432
2 0.589987 0.267381 0.033587 0.026689
