7 0.268029 0.601819 0.266101 0.301056
11 0.089664 0.774941 0.105283 0.112089
0 0.567104 0.377201 0.171616 0.141138
12 0.170459 0.632336 0.173544 0.316901
9 0.499229 0.456426 0.215580 0.686326
11 0.233128 0.471684 0.341304 0.599472
10 0.162553 0.802083 0.227921 0.034331
4 0.265330 0.605194 0.232935 0.304871
10 0.089664 0.774941 0.105283 0.112089
12 0.151369 0.615464 0.134593 0.341843
7 0.262630 0.599325 0.214423 0.290200
9 0.024103 0.617371 0.042808 0.181925
11 0.263016 0.327612 0.269958 0.264965
