11 0.870443 0.803646 0.071615 0.105903
11 0.126085 0.897222 0.047309 0.032639
13 0.191189 0.772743 0.119358 0.033681
13 0.624566 0.309028 0.136285 0.073611
13 0.268446 0.357639 0.137587 0.152778
10 0.126085 0.897222 0.047309 0.032639
13 0.301432 0.351042 0.148003 0.154167
10 0.864800 0.803993 0.042101 0.057292
11 0.857856 0.823438 0.066406 0.072569
10 0.870443 0.803646 0.071615 0.105903
0 0.534939 0.404861 0.099392 0.116667
13 0.620877 0.335243 0.120226 0.122569
10 0.857856 0.823438 0.066406 0.072569
0 0.518446 0.418576 0.124566 0.134375
11 0.864800 0.803993 0.042101 0.057292
9 0.268446 0.357639 0.137587 0.152778
13 0.302300 0.354167 0.147135 0.145139
