7 0.275135 0.333666 0.295332 0.366574
13 0.752917 0.391105 0.177289 0.200638
13 0.289273 0.299960 0.287702 0.242521
13 0.275135 0.333666 0.295332 0.366574
6 0.734740 0.396091 0.270197 0.323893
13 0.734740 0.396091 0.270197 0.323893
11 0.127244 0.755884 0.134201 0.094934
5 0.746185 0.434982 0.184470 0.222178
7 0.734740 0.396091 0.270197 0.323893
7 0.289273 0.299960 0.287702 0.242521
7 0.162253 0.494416 0.039946 0.069805
6 0.275135 0.333666 0.295332 0.366574
13 0.160458 0.493618 0.118043 0.110491
4 0.306553 0.279418 0.333932 0.329079
