11 0.301456 0.126025 0.212349 0.058607
2 0.086847 0.628279 0.020080 0.018033
7 0.301456 0.126025 0.212349 0.058607
11 0.219127 0.701230 0.235442 0.050820
7 0.622490 0.119877 0.161647 0.047131
11 0.050201 0.813934 0.054217 0.061475
0 0.531878 0.271721 0.133032 0.100000
8 0.059739 0.755943 0.015060 0.013525
8 0.085341 0.630328 0.020080 0.016393
11 0.062249 0.825410 0.047189 0.072951
11 0.065512 0.818238 0.046687 0.056148
10 0.065512 0.818238 0.046687 0.056148
11 0.157380 0.723975 0.100904 0.088934
8 0.085090 0.628074 0.022590 0.018443
10 0.050201 0.813934 0.054217 0.061475
0 0.545934 0.271926 0.108936 0.092213
7 0.140060 0.682582 0.155622 0.087295
8 0.056727 0.754303 0.019076 0.017623
11 0.622490 0.119877 0.161647 0.047131
