13 0.247720 0.347087 0.073708 0.055639
13 0.249810 0.345594 0.070289 0.060119
13 0.816299 0.386296 0.048252 0.062360
8 0.250190 0.351755 0.071049 0.056759
8 0.810410 0.389656 0.048632 0.065347
13 0.219035 0.456684 0.090805 0.067214
13 0.814020 0.387976 0.043693 0.061987
9 0.783815 0.720314 0.302432 0.118745
13 0.250190 0.351755 0.071049 0.056759
13 0.223974 0.465459 0.118921 0.039208
2 0.249810 0.345594 0.070289 0.060119
2 0.816299 0.386296 0.048252 0.062360
2 0.215995 0.466766 0.106763 0.043316
13 0.810410 0.389656 0.048632 0.065347
8 0.219035 0.456684 0.090805 0.067214
