9 0.037275 0.906138 0.034888 0.170359
10 0.129453 0.640569 0.103929 0.121257
0 0.612560 0.319760 0.094014 0.081437
13 0.332538 0.489072 0.230995 0.224251
9 0.060411 0.551647 0.084833 0.296108
11 0.293059 0.579790 0.058759 0.058982
9 0.049761 0.554641 0.070878 0.276946
9 0.048843 0.552545 0.055086 0.270359
13 0.297466 0.561976 0.048476 0.054491
11 0.126148 0.648503 0.112743 0.236527
11 0.123944 0.609132 0.079692 0.181138
11 0.883584 0.778443 0.058024 0.075449
10 0.126148 0.648503 0.112743 0.236527
11 0.129453 0.640569 0.103929 0.121257
