3 0.545898 0.497721 0.317057 0.186198
11 0.204427 0.609701 0.025391 0.030599
6 0.329427 0.394206 0.139974 0.259115
9 0.326660 0.420573 0.168945 0.151693
0 0.577148 0.195312 0.077474 0.115234
13 0.322754 0.405111 0.165690 0.271810
7 0.329427 0.394206 0.139974 0.259115
13 0.321452 0.307129 0.124674 0.073242
0 0.567546 0.197591 0.099935 0.129557
0 0.567546 0.209147 0.101237 0.136393
6 0.326660 0.420573 0.168945 0.151693
13 0.329427 0.394206 0.139974 0.259115
7 0.326660 0.420573 0.168945 0.151693
10 0.204427 0.609701 0.025391 0.030599
