9 0.432509 0.363715 0.100260 0.348264
0 0.604384 0.348438 0.139323 0.112153
11 0.917752 0.801389 0.042969 0.047917
9 0.413628 0.440799 0.070312 0.129514
9 0.320964 0.233160 0.110677 0.131597
7 0.432509 0.363715 0.100260 0.348264
13 0.345703 0.278472 0.163628 0.195139
13 0.238064 0.620486 0.124566 0.019444
13 0.320964 0.233160 0.110677 0.131597
0 0.604167 0.352257 0.128472 0.117014
13 0.342014 0.282986 0.083333 0.191667
10 0.917752 0.801389 0.042969 0.047917
0 0.614583 0.340451 0.112847 0.108681
