11 0.336155 0.133681 0.195747 0.056250
9 0.211806 0.502431 0.091146 0.060417
12 0.352214 0.489757 0.131510 0.085069
7 0.299696 0.353299 0.294705 0.358681
10 0.292969 0.570139 0.254340 0.205556
7 0.298177 0.409896 0.281250 0.160764
4 0.299696 0.353299 0.294705 0.358681
13 0.310113 0.263715 0.231337 0.235069
10 0.300347 0.577257 0.296007 0.101736
10 0.294271 0.479167 0.260417 0.223611
4 0.310113 0.294097 0.164497 0.136806
4 0.311632 0.285417 0.164931 0.127778
9 0.347656 0.488889 0.138889 0.087500
11 0.237630 0.197396 0.090712 0.121875
