13 0.363444 0.429036 0.227539 0.442057
7 0.340007 0.595052 0.102539 0.111328
9 0.771973 0.599447 0.026367 0.067383
1 0.686849 0.178874 0.213542 0.079753
6 0.717936 0.323568 0.219727 0.357422
11 0.407064 0.131348 0.107096 0.017253
11 0.765137 0.590007 0.045247 0.129883
13 0.799154 0.624349 0.100260 0.130208
6 0.331380 0.394368 0.199219 0.310872
6 0.363444 0.429036 0.227539 0.442057
6 0.352702 0.338867 0.204102 0.268229
11 0.847168 0.698568 0.032878 0.051432
10 0.847168 0.698568 0.032878 0.051432
7 0.724447 0.343587 0.182617 0.288737
13 0.717936 0.323568 0.219727 0.357422
13 0.720703 0.333496 0.212891 0.377930
6 0.799154 0.624349 0.100260 0.130208
1 0.720703 0.333496 0.212891 0.377930
6 0.724447 0.343587 0.182617 0.288737
13 0.331380 0.394368 0.199219 0.310872
13 0.724447 0.343587 0.182617 0.288737
