7 0.347059 0.275071 0.112217 0.131405
8 0.271493 0.420622 0.066063 0.027664
2 0.271493 0.420622 0.066063 0.027664
13 0.729412 0.290318 0.170136 0.122289
10 0.094570 0.662056 0.079638 0.099969
8 0.272172 0.420780 0.061086 0.026092
0 0.590950 0.336529 0.122172 0.106570
11 0.094570 0.662056 0.079638 0.099969
3 0.583258 0.616316 0.476923 0.143037
0 0.595701 0.347061 0.118100 0.127004
3 0.591176 0.595567 0.474661 0.119145
13 0.279186 0.285445 0.249774 0.170387
0 0.589593 0.337315 0.135747 0.093681
11 0.868100 0.629205 0.113575 0.157498
10 0.868100 0.629205 0.113575 0.157498
2 0.273077 0.421094 0.062896 0.029865
11 0.426923 0.179032 0.091855 0.042439
7 0.717421 0.304307 0.083710 0.112543
