13 0.730510 0.448193 0.254952 0.076441
11 0.928361 0.842042 0.037084 0.058525
11 0.800885 0.196924 0.058576 0.041505
13 0.237674 0.277098 0.077539 0.035234
9 0.633797 0.346073 0.047198 0.054942
13 0.761905 0.247537 0.072482 0.071663
10 0.928361 0.842042 0.037084 0.058525
13 0.727349 0.451926 0.181205 0.082711
2 0.636115 0.348164 0.038348 0.054345
7 0.875263 0.349806 0.038769 0.017617
13 0.877792 0.343237 0.039612 0.030755
13 0.756848 0.240370 0.095238 0.088982
11 0.316056 0.180800 0.107038 0.028964
13 0.773072 0.243058 0.077118 0.088982
2 0.633797 0.346073 0.047198 0.054942
