13 0.208116 0.425868 0.091580 0.117708
13 0.202908 0.402431 0.082899 0.082639
1 0.711372 0.311979 0.210938 0.219097
13 0.711372 0.311979 0.210938 0.219097
2 0.202908 0.402431 0.082899 0.082639
13 0.722439 0.314583 0.187934 0.245139
8 0.719835 0.429861 0.018663 0.011111
13 0.711372 0.382639 0.019965 0.019444
13 0.317925 0.257465 0.066406 0.089931
13 0.719835 0.429861 0.018663 0.011111
8 0.711372 0.382639 0.019965 0.019444
13 0.719835 0.261458 0.152344 0.130556
13 0.773655 0.427431 0.048177 0.030556
13 0.218750 0.422917 0.107639 0.121528
