8 0.266710 0.408854 0.030816 0.030903
6 0.847439 0.559896 0.095052 0.203125
8 0.270399 0.412500 0.024306 0.025000
8 0.722873 0.331250 0.220920 0.245139
8 0.710938 0.331424 0.257812 0.247569
4 0.380642 0.286458 0.118924 0.079861
4 0.368707 0.268403 0.116753 0.122222
5 0.840495 0.590799 0.220052 0.239236
13 0.357639 0.267361 0.103299 0.117361
8 0.268880 0.413889 0.031684 0.027083
8 0.208333 0.605035 0.020833 0.019097
11 0.281033 0.261979 0.141927 0.120486
8 0.711589 0.342361 0.259983 0.229167
11 0.649089 0.246701 0.161892 0.121181
