13 0.371117 0.295935 0.154216 0.187900
0 0.621487 0.326184 0.132027 0.141485
9 0.303254 0.716229 0.303994 0.174456
13 0.300851 0.654129 0.030695 0.148207
13 0.389238 0.248239 0.152737 0.124520
11 0.096339 0.826504 0.065459 0.081946
11 0.109283 0.799136 0.034393 0.077785
10 0.096339 0.826504 0.065459 0.081946
11 0.369268 0.181018 0.228920 0.082907
11 0.349297 0.180858 0.247411 0.081946
13 0.405141 0.270487 0.106139 0.149808
13 0.297337 0.653969 0.036243 0.129962
0 0.629253 0.330026 0.136464 0.157490
0 0.625925 0.322183 0.136464 0.141165
11 0.348003 0.182298 0.224852 0.101472
11 0.646265 0.193982 0.095784 0.072343
