5 0.669922 0.458496 0.244141 0.589518
6 0.702637 0.347819 0.185872 0.368164
6 0.239258 0.595215 0.264974 0.299154
5 0.266602 0.489421 0.288411 0.527669
13 0.239258 0.595215 0.264974 0.299154
13 0.698079 0.340495 0.128581 0.250651
5 0.239258 0.595215 0.264974 0.299154
6 0.698079 0.340495 0.128581 0.250651
6 0.247559 0.461100 0.268555 0.571940
9 0.247559 0.461100 0.268555 0.571940
13 0.277507 0.267741 0.144857 0.176107
13 0.244303 0.320964 0.138997 0.085286
13 0.702637 0.347819 0.185872 0.368164
7 0.239258 0.595215 0.264974 0.299154
13 0.247559 0.461100 0.268555 0.571940
