2 0.548753 0.345139 0.082540 0.069072
5 0.721769 0.457325 0.291610 0.476463
7 0.565986 0.172239 0.097959 0.059393
2 0.576871 0.417510 0.050794 0.064232
2 0.507710 0.331720 0.209977 0.140783
5 0.709070 0.459085 0.426757 0.527497
0 0.504082 0.343159 0.221769 0.151342
11 0.587755 0.184118 0.234014 0.124505
0 0.507710 0.331720 0.209977 0.140783
9 0.765760 0.509679 0.164626 0.109547
5 0.315193 0.285966 0.143311 0.184778
13 0.765760 0.509679 0.164626 0.109547
5 0.186848 0.541355 0.183220 0.121865
9 0.454649 0.490981 0.305215 0.512978
0 0.471429 0.341399 0.314286 0.153102
5 0.236281 0.466344 0.360998 0.610647
