13 0.738118 0.347819 0.091471 0.088867
7 0.459798 0.270833 0.052409 0.106771
8 0.384440 0.445801 0.117839 0.094727
7 0.431315 0.348633 0.072917 0.092448
8 0.631022 0.376953 0.086914 0.098307
13 0.225260 0.632487 0.044271 0.083333
0 0.563639 0.294596 0.118815 0.100911
9 0.431315 0.348633 0.072917 0.092448
13 0.747721 0.346029 0.058594 0.080729
9 0.459798 0.270833 0.052409 0.106771
13 0.309245 0.383789 0.122396 0.137370
13 0.300618 0.352702 0.105794 0.076497
0 0.571126 0.293945 0.103190 0.121094
9 0.413574 0.370768 0.071940 0.070312
7 0.419596 0.368978 0.046875 0.079753
8 0.371094 0.445964 0.113281 0.093099
9 0.631022 0.376953 0.086914 0.098307
8 0.376465 0.442871 0.092773 0.091471
7 0.225260 0.632487 0.044271 0.083333
13 0.714355 0.341797 0.124023 0.108073
13 0.299967 0.241699 0.031576 0.043945
8 0.413574 0.370768 0.071940 0.070312
7 0.227376 0.586751 0.073242 0.166992
4 0.371094 0.445964 0.113281 0.093099
8 0.419596 0.368978 0.046875 0.079753
