7 0.379433 0.265625 0.134076 0.188125
7 0.605370 0.388594 0.132050 0.200937
13 0.298886 0.299531 0.220196 0.178437
13 0.278622 0.284375 0.197906 0.210625
8 0.617021 0.387500 0.122931 0.171250
7 0.624282 0.378125 0.165147 0.213125
8 0.624282 0.378125 0.165147 0.213125
10 0.130530 0.831406 0.080041 0.081562
9 0.244174 0.337031 0.118203 0.118437
0 0.561635 0.370000 0.079703 0.116875
7 0.397501 0.636094 0.107396 0.238438
4 0.624282 0.378125 0.165147 0.213125
5 0.767139 0.416563 0.186761 0.146250
13 0.772374 0.293281 0.045930 0.042187
11 0.130530 0.831406 0.080041 0.081562
