13 0.637153 0.283507 0.052951 0.080903
11 0.098090 0.840625 0.054688 0.045833
13 0.246094 0.310937 0.217014 0.257292
0 0.535373 0.350694 0.116753 0.118056
13 0.641710 0.239236 0.139323 0.105556
7 0.717665 0.509201 0.208767 0.167708
6 0.253906 0.275868 0.219618 0.177431
6 0.239149 0.322222 0.205729 0.154167
6 0.736545 0.435937 0.068576 0.047569
4 0.297092 0.256771 0.060330 0.052431
0 0.545139 0.350868 0.107639 0.130903
13 0.735243 0.440278 0.133681 0.054167
7 0.239149 0.322222 0.205729 0.154167
4 0.641710 0.239236 0.139323 0.105556
11 0.229167 0.211979 0.112847 0.059375
13 0.253906 0.275868 0.219618 0.177431
10 0.098090 0.840625 0.054688 0.045833
