13 0.843598 0.554018 0.062399 0.026350
8 0.861426 0.550066 0.012156 0.014493
13 0.222447 0.476779 0.094003 0.028656
11 0.138979 0.817029 0.142626 0.072134
9 0.834076 0.552701 0.046596 0.028986
2 0.137763 0.760870 0.029173 0.082345
11 0.126823 0.764822 0.042139 0.072464
11 0.110008 0.839097 0.072528 0.057642
2 0.126823 0.764822 0.042139 0.072464
11 0.168152 0.747365 0.132091 0.107378
10 0.138979 0.817029 0.142626 0.072134
9 0.614668 0.473155 0.057536 0.082016
13 0.212723 0.472826 0.089951 0.041831
11 0.112439 0.842556 0.067666 0.066535
0 0.564019 0.356390 0.109400 0.083663
13 0.209076 0.475791 0.108590 0.039196
8 0.243314 0.591403 0.027147 0.022069
10 0.112439 0.842556 0.067666 0.066535
11 0.209076 0.475791 0.108590 0.039196
8 0.834076 0.552701 0.046596 0.028986
11 0.739060 0.189888 0.061588 0.045784
