13 0.856313 0.663999 0.137155 0.047343
13 0.249819 0.427452 0.132438 0.050409
13 0.854862 0.659571 0.124819 0.043937
13 0.240203 0.366996 0.165457 0.080041
13 0.234398 0.648161 0.039913 0.099455
13 0.853592 0.661955 0.123730 0.041894
5 0.271589 0.481948 0.263788 0.379428
11 0.326016 0.101328 0.134615 0.042575
0 0.546081 0.279973 0.131350 0.134877
11 0.632983 0.078678 0.091074 0.021798
13 0.239840 0.394584 0.169086 0.131812
13 0.271589 0.481948 0.263788 0.379428
0 0.540276 0.268052 0.132075 0.125341
