4 0.218316 0.554167 0.120660 0.095833
10 0.186632 0.764410 0.108507 0.119792
6 0.250651 0.526563 0.195747 0.358681
4 0.338759 0.356424 0.177517 0.212847
3 0.530382 0.671181 0.421007 0.152083
7 0.289714 0.625174 0.279948 0.247569
7 0.338759 0.356424 0.177517 0.212847
1 0.335286 0.377083 0.185330 0.193056
6 0.261936 0.567014 0.243490 0.193056
1 0.358290 0.367188 0.181858 0.214931
10 0.256076 0.739931 0.239583 0.150694
7 0.261936 0.567014 0.243490 0.193056
7 0.250651 0.526563 0.195747 0.358681
4 0.335286 0.377083 0.185330 0.193056
