1 0.830818 0.623180 0.121174 0.057854
0 0.620545 0.287548 0.175262 0.146743
9 0.484696 0.427011 0.040252 0.033333
9 0.723061 0.489464 0.314885 0.976628
7 0.341929 0.644253 0.203354 0.237931
9 0.136059 0.667816 0.265409 0.436015
7 0.298323 0.630651 0.100210 0.075862
3 0.629140 0.651724 0.527044 0.331801
9 0.642348 0.522797 0.083857 0.212644
9 0.661635 0.606705 0.046122 0.039464
8 0.104403 0.737548 0.031866 0.024521
9 0.647589 0.447126 0.054927 0.063602
9 0.174214 0.563985 0.170650 0.276628
10 0.844444 0.611877 0.235639 0.249808
10 0.840252 0.646552 0.201258 0.194253
