0 0.577165 0.370605 0.135433 0.125326
10 0.143504 0.724935 0.132677 0.083984
13 0.234646 0.490723 0.250394 0.435221
9 0.488189 0.545410 0.099213 0.403320
6 0.235630 0.516113 0.269685 0.381185
4 0.234646 0.490723 0.250394 0.435221
11 0.118307 0.722493 0.056299 0.078451
11 0.702362 0.169759 0.173228 0.056315
10 0.118307 0.722493 0.056299 0.078451
2 0.302362 0.194661 0.040157 0.023438
11 0.404331 0.149089 0.107874 0.032552
6 0.250197 0.495768 0.279921 0.403646
2 0.683268 0.166016 0.131102 0.022135
10 0.114764 0.723958 0.061811 0.132161
13 0.250197 0.495768 0.279921 0.403646
6 0.234646 0.490723 0.250394 0.435221
11 0.114764 0.723958 0.061811 0.132161
11 0.683268 0.166016 0.131102 0.022135
9 0.849606 0.546387 0.037008 0.066081
