10 0.775164 0.593249 0.206783 0.254679
11 0.742524 0.162099 0.088257 0.058824
10 0.092268 0.679311 0.028446 0.045789
6 0.283917 0.423463 0.253465 0.401738
7 0.767323 0.535929 0.154632 0.061163
6 0.765682 0.429479 0.185631 0.224599
10 0.777899 0.538770 0.234865 0.239305
11 0.092268 0.679311 0.028446 0.045789
7 0.768053 0.506852 0.163384 0.099933
6 0.768053 0.506852 0.163384 0.099933
6 0.247812 0.447025 0.195842 0.355281
13 0.754012 0.358122 0.165208 0.193516
0 0.520970 0.373663 0.250547 0.110963
6 0.754012 0.358122 0.165208 0.193516
9 0.754012 0.358122 0.165208 0.193516
0 0.608497 0.395555 0.125091 0.144051
9 0.331145 0.474432 0.094821 0.156751
10 0.775346 0.585060 0.245806 0.188837
9 0.247812 0.447025 0.195842 0.355281
7 0.341174 0.473262 0.130197 0.190508
