8 0.760521 0.582827 0.024716 0.030699
8 0.144790 0.739210 0.030394 0.024316
8 0.167168 0.591945 0.020374 0.017933
8 0.154142 0.667477 0.021042 0.025532
11 0.130261 0.818541 0.052772 0.072340
8 0.761523 0.289058 0.033400 0.021884
13 0.675351 0.367781 0.064128 0.080851
8 0.249332 0.697872 0.021710 0.024316
9 0.795591 0.539362 0.130929 0.396049
8 0.591015 0.337842 0.123246 0.231307
8 0.214763 0.665653 0.197729 0.206687
8 0.818303 0.584195 0.026720 0.021884
9 0.214763 0.665653 0.197729 0.206687
8 0.760855 0.583131 0.024716 0.027660
8 0.227956 0.516869 0.223447 0.600304
11 0.846693 0.825988 0.042084 0.053191
8 0.202906 0.535410 0.029058 0.020973
8 0.158150 0.671429 0.021710 0.023708
8 0.225284 0.423404 0.015030 0.013982
8 0.143287 0.731763 0.024716 0.019757
8 0.834335 0.708359 0.020040 0.020365
10 0.846693 0.825988 0.042084 0.053191
10 0.130261 0.818541 0.052772 0.072340
8 0.834669 0.709422 0.018036 0.021277
8 0.815130 0.568237 0.018370 0.017933
8 0.746827 0.504103 0.014696 0.016717
8 0.787575 0.571733 0.198397 0.584195
13 0.655812 0.392857 0.086506 0.095745
8 0.795591 0.539362 0.130929 0.396049
8 0.194556 0.771884 0.027054 0.024620
8 0.743988 0.504407 0.019706 0.026444
