13 0.635395 0.226834 0.133124 0.053411
0 0.557303 0.385940 0.120894 0.121943
7 0.768693 0.351030 0.064291 0.057915
3 0.587526 0.708012 0.407757 0.212033
3 0.585604 0.722651 0.404612 0.201416
11 0.731132 0.224099 0.113557 0.090412
0 0.562020 0.384009 0.124039 0.105856
11 0.661950 0.218629 0.226765 0.071107
13 0.286513 0.327864 0.236198 0.183398
11 0.654263 0.231660 0.233753 0.129987
13 0.291405 0.457046 0.249476 0.495817
11 0.345388 0.203185 0.186233 0.057593
0 0.564291 0.395592 0.108316 0.124517
7 0.763627 0.350386 0.068833 0.056628
11 0.334382 0.212999 0.217331 0.072072
13 0.270266 0.489704 0.162474 0.029601
13 0.196890 0.447072 0.041579 0.027349
11 0.337526 0.197233 0.140461 0.040541
13 0.247729 0.371622 0.058001 0.034106
7 0.291405 0.457046 0.249476 0.495817
3 0.587701 0.707368 0.405311 0.193372
