10 0.063004 0.835376 0.033266 0.040850
11 0.870716 0.808415 0.041835 0.049020
11 0.312500 0.165441 0.155242 0.072712
11 0.334929 0.144199 0.188004 0.039216
9 0.833921 0.728554 0.103327 0.142565
10 0.870716 0.808415 0.041835 0.049020
11 0.691280 0.123162 0.118448 0.037990
13 0.112903 0.601103 0.034274 0.127859
6 0.839718 0.744485 0.108871 0.154003
11 0.063004 0.835376 0.033266 0.040850
13 0.833921 0.728554 0.103327 0.142565
13 0.162550 0.642565 0.193044 0.221405
13 0.236643 0.621119 0.305948 0.162990
7 0.820565 0.764093 0.129032 0.157271
13 0.326109 0.189951 0.111895 0.093954
13 0.300907 0.628472 0.172379 0.071487
0 0.558216 0.350694 0.145665 0.118056
0 0.576865 0.368668 0.118448 0.127859
