7 0.318161 0.439546 0.180707 0.234747
1 0.332880 0.353423 0.144022 0.073661
2 0.201766 0.753720 0.020380 0.013393
13 0.270833 0.618304 0.095109 0.106399
13 0.736413 0.622024 0.014493 0.007440
8 0.260870 0.599330 0.020833 0.027530
1 0.303442 0.447545 0.171196 0.244048
0 0.473732 0.442708 0.135870 0.131696
11 0.318161 0.439546 0.180707 0.234747
13 0.667572 0.376860 0.019022 0.020833
13 0.611187 0.565662 0.044837 0.050223
8 0.611187 0.565662 0.044837 0.050223
13 0.616621 0.439360 0.091033 0.062500
13 0.612772 0.429129 0.117754 0.114955
8 0.260190 0.734933 0.008605 0.006324
1 0.350317 0.566220 0.136322 0.484375
7 0.332880 0.353423 0.144022 0.073661
13 0.593297 0.442150 0.136775 0.064360
8 0.233696 0.636347 0.025362 0.018229
8 0.201766 0.753720 0.020380 0.013393
7 0.270833 0.618304 0.095109 0.106399
