10 0.117564 0.766667 0.065156 0.082099
9 0.319956 0.645062 0.120554 0.172222
3 0.541076 0.766049 0.474032 0.281481
13 0.675165 0.499846 0.158640 0.334259
4 0.675165 0.499846 0.158640 0.334259
3 0.562166 0.773302 0.468366 0.265123
0 0.582310 0.498148 0.227258 0.286420
0 0.562952 0.409877 0.133144 0.123457
11 0.117564 0.766667 0.065156 0.082099
9 0.675795 0.499383 0.138495 0.251852
3 0.566257 0.761111 0.424300 0.269753
7 0.319956 0.645062 0.120554 0.172222
0 0.566100 0.439043 0.115518 0.144753
1 0.675165 0.499846 0.158640 0.334259
