11 0.375615 0.216782 0.218552 0.083391
9 0.840302 0.572318 0.029866 0.043599
5 0.264933 0.651903 0.158117 0.213149
13 0.385805 0.295675 0.095573 0.123529
0 0.609628 0.331488 0.094870 0.105190
0 0.607344 0.365398 0.124736 0.167474
9 0.842410 0.575087 0.027056 0.044983
5 0.247365 0.656574 0.109628 0.187889
11 0.366831 0.216782 0.197470 0.073702
1 0.375615 0.216782 0.218552 0.083391
13 0.316585 0.709689 0.011244 0.071280
1 0.358573 0.219204 0.180253 0.067474
13 0.384223 0.298789 0.146521 0.143599
9 0.840302 0.575260 0.029866 0.042561
13 0.392656 0.309689 0.088194 0.106574
0 0.602952 0.350865 0.123682 0.146713
