8 0.169488 0.317361 0.010851 0.010417
0 0.516059 0.364236 0.099826 0.079861
8 0.167969 0.539583 0.020833 0.009722
8 0.169054 0.319618 0.019531 0.012153
2 0.169054 0.539062 0.026476 0.013542
2 0.578342 0.463021 0.069878 0.101736
2 0.346571 0.508681 0.074219 0.146528
9 0.572266 0.461285 0.069878 0.103125
8 0.169922 0.541319 0.017795 0.011111
2 0.348958 0.511111 0.079861 0.162500
9 0.167969 0.539583 0.020833 0.009722
9 0.348958 0.511111 0.079861 0.162500
9 0.169488 0.317361 0.010851 0.010417
2 0.572266 0.461285 0.069878 0.103125
