11 0.291763 0.182634 0.169361 0.053825
8 0.113549 0.686019 0.039261 0.036222
0 0.559854 0.352742 0.138183 0.112390
11 0.297921 0.191266 0.215550 0.096141
7 0.785219 0.581584 0.086220 0.052810
7 0.317937 0.627793 0.070054 0.098510
11 0.317937 0.177217 0.194765 0.073460
3 0.573133 0.653521 0.461124 0.114083
0 0.566205 0.356974 0.131640 0.129655
11 0.604119 0.158768 0.130485 0.056195
8 0.728060 0.326506 0.025789 0.022004
8 0.784642 0.584123 0.075828 0.051794
8 0.117398 0.687035 0.033872 0.030806
3 0.550231 0.659953 0.409931 0.147935
8 0.115089 0.690081 0.035412 0.032160
9 0.751155 0.691774 0.350654 0.086324
8 0.785989 0.585647 0.074673 0.048070
