3 0.608170 0.646879 0.331395 0.159119
11 0.815636 0.790239 0.030294 0.046206
11 0.384180 0.087056 0.147797 0.062729
2 0.615055 0.222154 0.037944 0.064259
10 0.819767 0.792687 0.025092 0.047430
13 0.805233 0.280141 0.022338 0.008262
13 0.642901 0.360465 0.029376 0.044676
11 0.819767 0.792687 0.025092 0.047430
10 0.329253 0.696144 0.261934 0.113831
13 0.724449 0.638770 0.149633 0.172889
11 0.668911 0.092411 0.163403 0.056304
10 0.209302 0.693390 0.039168 0.066707
10 0.204712 0.676867 0.028764 0.074051
9 0.334149 0.663556 0.247246 0.058446
11 0.209302 0.693390 0.039168 0.066707
11 0.396573 0.097919 0.177479 0.069155
11 0.204712 0.676867 0.028764 0.074051
11 0.401163 0.091187 0.170747 0.056916
11 0.669676 0.094706 0.163709 0.060894
0 0.591799 0.233629 0.094859 0.106793
