11 0.317239 0.198835 0.254998 0.100832
13 0.780460 0.417970 0.179555 0.380699
2 0.739909 0.429950 0.241041 0.343428
8 0.742361 0.440433 0.254244 0.334443
13 0.288570 0.319468 0.234628 0.171714
13 0.283478 0.319634 0.238023 0.140100
11 0.275556 0.202163 0.246322 0.112812
1 0.288570 0.319468 0.234628 0.171714
11 0.848736 0.421464 0.036213 0.090183
2 0.780460 0.417970 0.179555 0.380699
13 0.283855 0.327121 0.223689 0.135108
2 0.283855 0.327121 0.223689 0.135108
11 0.736137 0.177038 0.084119 0.061231
13 0.739909 0.429950 0.241041 0.343428
11 0.300641 0.202496 0.292720 0.184692
13 0.742361 0.440433 0.254244 0.334443
