9 0.243818 0.112265 0.209428 0.224531
9 0.386592 0.238606 0.044436 0.060322
9 0.687597 0.147118 0.132535 0.103887
7 0.778980 0.661361 0.098145 0.173257
9 0.686244 0.134216 0.166151 0.125000
7 0.335781 0.575067 0.097372 0.166220
8 0.335781 0.575067 0.097372 0.166220
10 0.146252 0.752011 0.073802 0.109920
9 0.346600 0.428954 0.100464 0.081769
9 0.250000 0.117125 0.126739 0.228887
9 0.261399 0.477714 0.334235 0.364946
0 0.583462 0.421582 0.121329 0.095845
3 0.542504 0.732239 0.446677 0.105228
9 0.242658 0.498492 0.415765 0.271113
9 0.057573 0.700235 0.115147 0.402480
9 0.247682 0.127681 0.136012 0.203753
9 0.043470 0.697051 0.086940 0.339812
9 0.046561 0.666555 0.083849 0.394102
9 0.353941 0.543566 0.104328 0.184316
0 0.575734 0.440181 0.156878 0.143097
9 0.692040 0.148961 0.139104 0.085456
11 0.146252 0.752011 0.073802 0.109920
