0 0.607585 0.306803 0.092773 0.111654
3 0.599121 0.526530 0.321940 0.095378
13 0.377116 0.291829 0.153320 0.143555
13 0.384766 0.272949 0.067057 0.118815
6 0.754720 0.296549 0.090169 0.083984
13 0.375000 0.281901 0.152344 0.139974
13 0.769043 0.264323 0.032878 0.026693
6 0.377116 0.291829 0.153320 0.143555
7 0.754720 0.296549 0.090169 0.083984
6 0.375000 0.281901 0.152344 0.139974
0 0.600586 0.305339 0.108724 0.111328
3 0.602376 0.535482 0.329753 0.100260
6 0.746419 0.294596 0.077474 0.094401
0 0.608398 0.314941 0.095703 0.138346
