6 0.240668 0.384201 0.242622 0.413542
13 0.264323 0.227604 0.103299 0.087153
7 0.239366 0.374132 0.240017 0.479514
10 0.206814 0.578125 0.305122 0.198611
13 0.772352 0.315625 0.069878 0.044444
0 0.559679 0.257639 0.140191 0.104167
6 0.239366 0.374132 0.240017 0.479514
11 0.233290 0.181250 0.227865 0.157639
10 0.202908 0.420313 0.305122 0.626736
11 0.233724 0.186806 0.227865 0.186806
0 0.550564 0.285243 0.152344 0.160069
13 0.284939 0.337674 0.100260 0.094097
13 0.761285 0.307813 0.072049 0.058681
13 0.653212 0.222222 0.089410 0.094444
10 0.217665 0.587326 0.332899 0.303125
5 0.231120 0.377778 0.267795 0.451389
5 0.240668 0.384201 0.242622 0.413542
