9 0.736554 0.508387 0.462151 0.836262
13 0.333416 0.148363 0.047311 0.072284
10 0.087898 0.906350 0.092131 0.057109
11 0.922311 0.950879 0.067729 0.034345
10 0.094622 0.927716 0.063745 0.079872
10 0.092629 0.917133 0.081673 0.062700
11 0.092629 0.917133 0.081673 0.062700
0 0.552540 0.400759 0.125000 0.169728
11 0.087898 0.906350 0.092131 0.057109
13 0.337898 0.221845 0.088147 0.170527
11 0.094622 0.927716 0.063745 0.079872
10 0.922311 0.950879 0.067729 0.034345
13 0.246265 0.227037 0.056275 0.025958
9 0.229831 0.510184 0.373008 0.832668
