0 0.526044 0.267537 0.133727 0.112887
13 0.279461 0.380261 0.173255 0.079282
0 0.530292 0.275856 0.119320 0.130832
13 0.750277 0.294780 0.065755 0.028385
13 0.745844 0.290865 0.064278 0.030995
13 0.319357 0.284339 0.104544 0.021207
10 0.255264 0.546330 0.273365 0.363132
7 0.235316 0.465905 0.151459 0.096574
7 0.273919 0.444046 0.213151 0.151387
7 0.708164 0.475530 0.213521 0.230669
10 0.200960 0.521370 0.173624 0.129201
7 0.261544 0.446330 0.240118 0.151387
11 0.321020 0.112561 0.133727 0.017618
13 0.746952 0.291191 0.066494 0.033605
0 0.537495 0.269005 0.105652 0.108646
10 0.259143 0.519902 0.298116 0.252855
3 0.531031 0.563458 0.561138 0.163785
13 0.277798 0.393312 0.161064 0.079282
13 0.282785 0.393312 0.215368 0.102121
11 0.600296 0.100000 0.107868 0.015334
