10 0.155072 0.813472 0.039012 0.061485
11 0.848342 0.916062 0.023732 0.048359
9 0.455949 0.259758 0.108908 0.340587
7 0.300553 0.662867 0.303316 0.295682
7 0.256502 0.698791 0.209363 0.196891
11 0.162386 0.790501 0.046489 0.083247
0 0.526821 0.292746 0.111508 0.107427
13 0.252763 0.711572 0.153771 0.108463
10 0.848342 0.916062 0.023732 0.048359
11 0.256502 0.698791 0.209363 0.196891
1 0.300553 0.662867 0.303316 0.295682
11 0.367035 0.075302 0.116385 0.031779
0 0.529584 0.300345 0.109883 0.128152
7 0.248375 0.729706 0.188557 0.185492
13 0.731307 0.682729 0.080299 0.056304
11 0.155072 0.813472 0.039012 0.061485
13 0.207900 0.728152 0.070546 0.034542
