9 0.501628 0.195475 0.080729 0.153320
0 0.605469 0.249349 0.110026 0.123698
9 0.505046 0.178223 0.077148 0.169596
3 0.567546 0.465658 0.319987 0.084961
13 0.697266 0.360352 0.093750 0.031250
13 0.698730 0.354980 0.099935 0.040039
8 0.395671 0.371419 0.051758 0.052083
13 0.697591 0.364258 0.110026 0.018229
9 0.506999 0.206380 0.066081 0.126953
9 0.441243 0.199382 0.095378 0.108398
3 0.562174 0.433268 0.313151 0.104167
8 0.441243 0.199382 0.095378 0.108398
3 0.555664 0.460612 0.324219 0.102865
8 0.439941 0.202474 0.086914 0.095703
8 0.392741 0.368815 0.062174 0.057943
0 0.605469 0.267090 0.125000 0.149414
7 0.415365 0.352702 0.073568 0.101237
7 0.437337 0.208008 0.079753 0.095703
0 0.597656 0.252116 0.138672 0.131185
9 0.392741 0.368815 0.062174 0.057943
