2 0.235894 0.442361 0.304253 0.537500
11 0.103950 0.727951 0.071615 0.123958
13 0.697917 0.365278 0.179688 0.173611
10 0.103950 0.727951 0.071615 0.123958
11 0.712891 0.396528 0.120226 0.122222
10 0.125217 0.743924 0.101128 0.094792
11 0.125217 0.743924 0.101128 0.094792
11 0.226562 0.472743 0.289931 0.527431
13 0.228950 0.448438 0.229601 0.528125
11 0.290148 0.173611 0.174913 0.052083
11 0.263021 0.171007 0.098090 0.053819
13 0.235894 0.442361 0.304253 0.537500
0 0.511068 0.342882 0.128906 0.110764
11 0.288628 0.169444 0.147569 0.054861
2 0.226562 0.472743 0.289931 0.527431
13 0.724175 0.402604 0.119358 0.135069
13 0.736762 0.426042 0.139323 0.061111
2 0.712891 0.396528 0.120226 0.122222
2 0.697917 0.365278 0.179688 0.173611
