11 0.383490 0.164076 0.194015 0.075363
10 0.857935 0.592261 0.028581 0.089557
0 0.584734 0.322575 0.123067 0.129436
9 0.051446 0.600203 0.084062 0.314971
9 0.087592 0.561507 0.151648 0.484961
9 0.288164 0.446773 0.222596 0.084488
11 0.857935 0.592261 0.028581 0.089557
11 0.618023 0.188915 0.095494 0.131125
9 0.441997 0.297567 0.072966 0.190267
4 0.354909 0.496789 0.111970 0.111524
7 0.810020 0.600710 0.080027 0.059142
10 0.845494 0.610341 0.070948 0.114228
9 0.154169 0.299594 0.212845 0.282190
0 0.578346 0.329841 0.134499 0.144643
13 0.292535 0.435282 0.191661 0.058804
11 0.845494 0.610341 0.070948 0.114228
7 0.441997 0.297567 0.072966 0.190267
0 0.592132 0.318182 0.096167 0.107131
