13 0.334750 0.326582 0.206500 0.193287
11 0.707000 0.152392 0.039000 0.020062
13 0.392250 0.322917 0.181500 0.189815
1 0.399750 0.179398 0.203500 0.099537
13 0.679750 0.192130 0.029500 0.070216
10 0.147000 0.787230 0.022000 0.039738
13 0.203250 0.500772 0.030500 0.013117
11 0.364750 0.238812 0.278500 0.207562
6 0.381500 0.262731 0.237000 0.235340
13 0.711000 0.224923 0.104000 0.104938
11 0.147000 0.787230 0.022000 0.039738
13 0.706500 0.192515 0.090000 0.064815
7 0.381500 0.262731 0.237000 0.235340
