7 0.677734 0.396528 0.181858 0.222917
10 0.726345 0.412674 0.292101 0.287847
13 0.212674 0.219271 0.071181 0.086458
7 0.701606 0.331771 0.257378 0.335069
10 0.709852 0.348611 0.383247 0.470139
11 0.089844 0.528993 0.053819 0.075347
9 0.164280 0.518750 0.145399 0.047917
7 0.212674 0.219271 0.071181 0.086458
11 0.638672 0.190104 0.214844 0.153125
10 0.718967 0.332118 0.341580 0.476736
7 0.217882 0.228646 0.061632 0.076042
10 0.089844 0.528993 0.053819 0.075347
13 0.224826 0.225174 0.056424 0.089931
