11 0.678223 0.157000 0.103516 0.047600
13 0.281006 0.266800 0.262207 0.200800
10 0.093994 0.764000 0.037598 0.048000
11 0.239746 0.217000 0.109375 0.077200
0 0.574463 0.310400 0.106934 0.109600
11 0.915527 0.727800 0.042969 0.040400
0 0.563232 0.315000 0.109863 0.108400
11 0.234863 0.218000 0.103516 0.096000
6 0.303223 0.269400 0.250977 0.201200
10 0.915527 0.727800 0.042969 0.040400
13 0.318604 0.264800 0.311035 0.231200
6 0.281006 0.266800 0.262207 0.200800
13 0.705566 0.265800 0.138672 0.130800
11 0.279541 0.230600 0.199707 0.148400
11 0.093994 0.764000 0.037598 0.048000
11 0.674561 0.159000 0.093262 0.037200
13 0.303223 0.269400 0.250977 0.201200
11 0.688721 0.166400 0.107910 0.042400
