13 0.236024 0.317383 0.105118 0.055990
10 0.230906 0.540690 0.203543 0.076172
3 0.611024 0.467936 0.518110 0.225586
0 0.605512 0.242188 0.117323 0.097005
7 0.332283 0.411784 0.263780 0.218099
10 0.276378 0.475749 0.316535 0.264648
3 0.631299 0.507975 0.490157 0.217122
7 0.287598 0.449219 0.272835 0.169271
13 0.236614 0.314128 0.110236 0.046224
11 0.180906 0.412923 0.066535 0.157227
0 0.593701 0.273926 0.132283 0.142253
7 0.238583 0.429199 0.237795 0.139648
3 0.632283 0.512695 0.480315 0.207682
0 0.599803 0.249023 0.151575 0.122396
10 0.215551 0.546061 0.179921 0.102539
