11 0.060436 0.901404 0.047084 0.061497
11 0.887561 0.732955 0.054111 0.092914
10 0.883169 0.757687 0.053057 0.042781
11 0.059206 0.876838 0.058679 0.094586
10 0.059206 0.876838 0.058679 0.094586
3 0.565882 0.684659 0.462755 0.143382
13 0.736472 0.463904 0.260014 0.532754
0 0.595924 0.332386 0.139143 0.142714
11 0.709065 0.578543 0.140548 0.283422
3 0.559909 0.631350 0.459944 0.225936
1 0.736297 0.610963 0.329937 0.289439
11 0.883169 0.757687 0.053057 0.042781
0 0.598032 0.343082 0.130007 0.149398
0 0.599262 0.341243 0.127547 0.117647
7 0.736297 0.610963 0.329937 0.289439
10 0.887561 0.732955 0.054111 0.092914
13 0.768271 0.381016 0.166901 0.285428
13 0.754041 0.383189 0.258609 0.400067
