8 0.176131 0.464610 0.039929 0.028312
2 0.181012 0.462795 0.058563 0.031942
13 0.251109 0.310526 0.259095 0.205808
8 0.246229 0.306715 0.212067 0.211252
2 0.759982 0.251361 0.173026 0.247187
8 0.811668 0.295826 0.027063 0.024682
2 0.829858 0.363158 0.043922 0.030853
11 0.669255 0.082577 0.119343 0.046824
8 0.180124 0.463521 0.048802 0.035572
13 0.229370 0.315608 0.238687 0.184029
2 0.251109 0.310526 0.259095 0.205808
13 0.764419 0.281307 0.181899 0.338294
2 0.229370 0.315608 0.238687 0.184029
13 0.759982 0.251361 0.173026 0.247187
2 0.176131 0.464610 0.039929 0.028312
2 0.764419 0.281307 0.181899 0.338294
8 0.756433 0.255898 0.181012 0.251180
13 0.756433 0.255898 0.181012 0.251180
2 0.811668 0.295826 0.027063 0.024682
