11 0.706380 0.160319 0.076823 0.050456
11 0.694661 0.147298 0.104167 0.055013
9 0.351725 0.440592 0.152669 0.219076
13 0.367188 0.363932 0.228516 0.445312
9 0.347331 0.661458 0.115885 0.048177
1 0.397786 0.264811 0.176432 0.277018
13 0.383952 0.204590 0.166341 0.166341
13 0.691243 0.259277 0.223633 0.292643
9 0.695150 0.369954 0.044596 0.040039
13 0.704915 0.350586 0.210612 0.434896
9 0.693685 0.366211 0.040365 0.042318
13 0.397786 0.264811 0.176432 0.277018
13 0.351725 0.440592 0.152669 0.219076
13 0.685547 0.257812 0.207682 0.281901
