13 0.768281 0.289583 0.047431 0.082500
8 0.797925 0.365625 0.023715 0.022083
8 0.796443 0.369167 0.021739 0.021667
2 0.225049 0.417917 0.090415 0.198333
13 0.225049 0.417917 0.090415 0.198333
13 0.760375 0.306667 0.047431 0.093333
8 0.169219 0.738542 0.020257 0.014583
2 0.813241 0.365625 0.051383 0.023750
8 0.204792 0.401667 0.012352 0.015000
9 0.221591 0.407917 0.111166 0.199167
8 0.200099 0.324792 0.020751 0.023750
8 0.752223 0.488542 0.082510 0.337917
9 0.796443 0.369167 0.021739 0.021667
13 0.221591 0.407917 0.111166 0.199167
9 0.760375 0.306667 0.047431 0.093333
