8 0.612310 0.317744 0.151397 0.189218
9 0.278387 0.496965 0.130173 0.079971
7 0.715776 0.445198 0.325787 0.612638
6 0.794305 0.555159 0.192076 0.419850
9 0.860630 0.173688 0.019809 0.025348
9 0.262469 0.759729 0.055890 0.066405
9 0.281924 0.500893 0.148567 0.069975
0 0.593739 0.305070 0.138309 0.154588
9 0.212947 0.185112 0.091263 0.072474
7 0.246728 0.506962 0.213300 0.279900
8 0.591263 0.293288 0.162363 0.194573
3 0.578705 0.669761 0.401132 0.205641
7 0.591263 0.293288 0.162363 0.194573
6 0.264415 0.397715 0.093031 0.065691
9 0.163601 0.508033 0.039264 0.056408
6 0.246728 0.506962 0.213300 0.279900
