1 0.292969 0.304514 0.115451 0.170139
0 0.545139 0.438542 0.129340 0.177778
11 0.141927 0.643924 0.056424 0.203819
9 0.210503 0.624132 0.105903 0.138542
10 0.128038 0.798611 0.047743 0.054167
11 0.300998 0.310243 0.156684 0.109375
10 0.136285 0.777604 0.052951 0.089236
11 0.276476 0.341493 0.152778 0.221875
13 0.220703 0.421528 0.093316 0.032639
11 0.128038 0.798611 0.047743 0.054167
11 0.123915 0.802604 0.042101 0.066319
0 0.546224 0.433507 0.131510 0.160764
13 0.691623 0.300521 0.039497 0.030903
13 0.273438 0.488021 0.111111 0.338542
11 0.136285 0.777604 0.052951 0.089236
10 0.123915 0.802604 0.042101 0.066319
13 0.250434 0.405729 0.143229 0.141319
1 0.273438 0.488021 0.111111 0.338542
13 0.203125 0.631250 0.098958 0.129861
