8 0.780958 0.542575 0.063474 0.053815
8 0.780374 0.544108 0.076324 0.054155
8 0.775896 0.547003 0.066589 0.055858
8 0.879089 0.540531 0.051791 0.044278
8 0.836643 0.649523 0.044003 0.049046
11 0.065810 0.809946 0.047508 0.077657
11 0.068731 0.821526 0.040109 0.037466
0 0.593458 0.334128 0.126168 0.110354
7 0.775896 0.547003 0.066589 0.055858
0 0.590343 0.346049 0.126947 0.144414
10 0.065810 0.809946 0.047508 0.077657
8 0.880062 0.537977 0.046729 0.039850
11 0.385319 0.131982 0.121885 0.030313
8 0.836254 0.654462 0.051791 0.047343
11 0.386293 0.132493 0.110592 0.029973
8 0.876363 0.538147 0.042445 0.045640
10 0.068731 0.821526 0.040109 0.037466
8 0.840927 0.652929 0.045561 0.049046
