10 0.090929 0.773611 0.023003 0.047222
8 0.373915 0.441667 0.109809 0.111111
4 0.628038 0.273438 0.151910 0.137847
0 0.552517 0.382292 0.123264 0.115278
13 0.267578 0.435069 0.212240 0.295139
11 0.329210 0.217535 0.111545 0.032292
8 0.390842 0.409722 0.153212 0.182639
13 0.260634 0.377951 0.209635 0.170486
7 0.317708 0.527083 0.156250 0.100694
13 0.265842 0.404861 0.241753 0.250694
11 0.103082 0.772049 0.052517 0.064236
8 0.633030 0.468576 0.099392 0.093403
13 0.312500 0.530035 0.153646 0.089236
6 0.265842 0.404861 0.241753 0.250694
4 0.317708 0.527083 0.156250 0.100694
7 0.312500 0.530035 0.153646 0.089236
13 0.750651 0.440278 0.126302 0.075000
13 0.756727 0.442882 0.114149 0.080208
11 0.090929 0.773611 0.023003 0.047222
11 0.618273 0.216840 0.128906 0.019097
13 0.752387 0.436458 0.139323 0.088889
4 0.315104 0.526215 0.153646 0.085069
11 0.319878 0.218924 0.125000 0.039236
