13 0.760553 0.252844 0.190330 0.206886
10 0.128166 0.908084 0.045280 0.043114
11 0.325979 0.113174 0.080200 0.032934
10 0.858020 0.891018 0.046815 0.044910
11 0.854758 0.880539 0.052571 0.038922
11 0.128166 0.908084 0.045280 0.043114
11 0.126823 0.903593 0.054873 0.037126
7 0.385457 0.151048 0.075595 0.038623
10 0.125480 0.898054 0.069071 0.058383
11 0.125480 0.898054 0.069071 0.058383
11 0.858020 0.891018 0.046815 0.044910
7 0.366078 0.145359 0.085188 0.082335
13 0.762471 0.262725 0.218726 0.223653
6 0.762471 0.262725 0.218726 0.223653
13 0.367421 0.171407 0.095549 0.106287
10 0.854758 0.880539 0.052571 0.038922
10 0.126823 0.903593 0.054873 0.037126
13 0.707982 0.230240 0.228703 0.221557
