13 0.238312 0.577586 0.208442 0.248941
7 0.704058 0.432698 0.211364 0.249546
11 0.256169 0.287205 0.197403 0.218693
11 0.237662 0.268300 0.199351 0.157895
13 0.674513 0.403055 0.316558 0.422565
1 0.259903 0.346189 0.223052 0.177556
11 0.838636 0.884453 0.039610 0.063521
1 0.675812 0.411525 0.247727 0.224743
11 0.741396 0.258167 0.068506 0.090442
11 0.654383 0.218240 0.221104 0.102541
13 0.258442 0.470508 0.248701 0.468542
13 0.675812 0.411525 0.247727 0.224743
13 0.704058 0.432698 0.211364 0.249546
13 0.273052 0.348911 0.259091 0.185420
5 0.675812 0.411525 0.247727 0.224743
13 0.259903 0.346189 0.223052 0.177556
11 0.254545 0.285239 0.218182 0.180278
5 0.259903 0.346189 0.223052 0.177556
