13 0.307910 0.409497 0.065913 0.114709
13 0.803578 0.450817 0.111864 0.148628
8 0.803578 0.450817 0.111864 0.148628
10 0.096422 0.820845 0.057250 0.042553
2 0.288512 0.426457 0.028625 0.016035
13 0.289642 0.425224 0.029379 0.022202
2 0.307910 0.409497 0.065913 0.114709
2 0.796045 0.412427 0.112618 0.053346
13 0.796045 0.412427 0.112618 0.053346
13 0.805838 0.462997 0.097552 0.127351
8 0.288512 0.426457 0.028625 0.016035
11 0.096422 0.820845 0.057250 0.042553
8 0.289642 0.425224 0.029379 0.022202
3 0.581921 0.671909 0.399247 0.173913
