2 0.733507 0.720833 0.081597 0.052083
2 0.687500 0.347743 0.192708 0.147569
13 0.719401 0.415278 0.167101 0.261806
13 0.687500 0.347743 0.192708 0.147569
8 0.744358 0.521181 0.071181 0.045833
2 0.744358 0.521181 0.071181 0.045833
2 0.707465 0.361979 0.154514 0.148958
2 0.742839 0.519965 0.082899 0.046181
8 0.719401 0.415278 0.167101 0.261806
13 0.729167 0.721181 0.064236 0.046528
8 0.729167 0.721181 0.064236 0.046528
13 0.742839 0.519965 0.082899 0.046181
8 0.732639 0.725521 0.080729 0.057986
13 0.732639 0.725521 0.080729 0.057986
13 0.707465 0.361979 0.154514 0.148958
8 0.687500 0.347743 0.192708 0.147569
13 0.733507 0.720833 0.081597 0.052083
