8 0.712321 0.206176 0.025357 0.061050
11 0.699821 0.450018 0.110357 0.159586
11 0.755179 0.744913 0.187500 0.085327
2 0.283036 0.726348 0.212500 0.072474
7 0.816071 0.646376 0.019286 0.073188
11 0.294821 0.728133 0.246786 0.056765
7 0.270893 0.431810 0.102500 0.104605
2 0.266964 0.427526 0.116071 0.123170
11 0.283036 0.726348 0.212500 0.072474
13 0.220000 0.417172 0.029286 0.103891
11 0.281071 0.600143 0.210714 0.169225
8 0.711250 0.203499 0.023214 0.060693
2 0.755179 0.744913 0.187500 0.085327
11 0.815357 0.623884 0.036429 0.115316
11 0.266964 0.427526 0.116071 0.123170
3 0.574107 0.634952 0.369643 0.147447
11 0.275893 0.613888 0.175357 0.128169
7 0.287857 0.612817 0.205000 0.142449
11 0.346071 0.294538 0.147143 0.172795
2 0.281071 0.600143 0.210714 0.169225
2 0.275893 0.613888 0.175357 0.128169
2 0.345179 0.293288 0.144643 0.169582
11 0.345179 0.293288 0.144643 0.169582
2 0.703929 0.581042 0.256429 0.253124
11 0.287857 0.612817 0.205000 0.142449
11 0.270893 0.431810 0.102500 0.104605
11 0.834286 0.782399 0.037857 0.056051
11 0.269286 0.435559 0.109286 0.119243
11 0.347679 0.295073 0.142500 0.174581
11 0.756071 0.742413 0.191429 0.096037
2 0.715536 0.200107 0.027500 0.068904
11 0.284821 0.726348 0.219643 0.087469
11 0.703929 0.581042 0.256429 0.253124
2 0.815357 0.623884 0.036429 0.115316
2 0.294821 0.728133 0.246786 0.056765
7 0.752143 0.460371 0.035000 0.061050
2 0.744643 0.738129 0.182857 0.091039
2 0.269286 0.435559 0.109286 0.119243
8 0.651071 0.210996 0.050000 0.038558
2 0.284821 0.726348 0.219643 0.087469
11 0.744643 0.738129 0.182857 0.091039
2 0.756071 0.742413 0.191429 0.096037
2 0.346071 0.294538 0.147143 0.172795
2 0.699821 0.450018 0.110357 0.159586
0 0.564286 0.304356 0.112143 0.109604
2 0.347679 0.295073 0.142500 0.174581
0 0.565179 0.311674 0.111786 0.127097
10 0.834286 0.782399 0.037857 0.056051
