9 0.818576 0.375174 0.158854 0.505208
10 0.625868 0.286285 0.279514 0.473958
7 0.648438 0.300868 0.193576 0.312153
9 0.200087 0.039757 0.212674 0.079514
9 0.870226 0.336632 0.259549 0.546181
11 0.522569 0.167535 0.125000 0.232986
12 0.648438 0.192708 0.134549 0.088194
9 0.806641 0.350347 0.180122 0.474306
9 0.206163 0.043229 0.131076 0.072569
7 0.623481 0.264931 0.286024 0.423611
12 0.640625 0.194965 0.125868 0.087847
11 0.681641 0.273264 0.188802 0.431944
10 0.632595 0.332986 0.189670 0.193056
6 0.304036 0.409896 0.191406 0.108681
