13 0.212244 0.667935 0.109739 0.045334
7 0.245942 0.744209 0.183486 0.043680
9 0.301341 0.754467 0.326747 0.144937
11 0.122442 0.763733 0.028229 0.082065
4 0.301341 0.754467 0.326747 0.144937
13 0.212597 0.668266 0.108327 0.057909
7 0.215773 0.744375 0.146436 0.028789
3 0.572512 0.761085 0.481651 0.159497
3 0.598095 0.748676 0.438956 0.131370
10 0.221418 0.787062 0.215596 0.141959
0 0.581687 0.394441 0.108327 0.101257
11 0.245942 0.744209 0.183486 0.043680
10 0.122442 0.763733 0.028229 0.082065
0 0.576570 0.392124 0.124206 0.106552
13 0.208892 0.666777 0.110797 0.052945
