13 0.339138 0.445845 0.067164 0.037997
11 0.136816 0.583097 0.055556 0.327415
11 0.306799 0.224077 0.227197 0.078125
6 0.248549 0.590199 0.164594 0.259233
9 0.131841 0.725852 0.043947 0.046165
7 0.217040 0.706143 0.061774 0.057884
7 0.237977 0.561967 0.155887 0.194957
10 0.134743 0.751065 0.097844 0.158381
11 0.275705 0.544389 0.213101 0.264205
11 0.303690 0.217862 0.184494 0.048651
7 0.275705 0.544389 0.213101 0.264205
10 0.133292 0.742365 0.096600 0.151634
10 0.165423 0.779474 0.172471 0.073153
2 0.140340 0.712891 0.060945 0.072088
