0 0.553103 0.381991 0.118487 0.145972
9 0.044474 0.654344 0.080319 0.398104
11 0.671424 0.128910 0.088948 0.041706
9 0.163126 0.642970 0.315632 0.384834
13 0.239462 0.544076 0.198805 0.144708
11 0.165284 0.546288 0.155991 0.456240
7 0.180385 0.567615 0.147693 0.189889
13 0.244607 0.541548 0.193827 0.115008
0 0.544474 0.376303 0.141055 0.140916
13 0.250415 0.497630 0.166279 0.018325
11 0.647361 0.125434 0.095918 0.017062
9 0.809990 0.541864 0.195486 0.333017
4 0.180385 0.567615 0.147693 0.189889
13 0.244939 0.563033 0.035845 0.084676
13 0.328410 0.182148 0.098573 0.060348
11 0.312147 0.177409 0.163624 0.055292
11 0.304016 0.172512 0.197146 0.063823
9 0.054099 0.667930 0.094922 0.430332
