5 0.726318 0.474400 0.222168 0.362400
5 0.722900 0.483800 0.227051 0.331600
11 0.599121 0.239800 0.074219 0.017200
3 0.514160 0.584800 0.473633 0.131200
5 0.204834 0.466000 0.247559 0.329600
3 0.509277 0.566600 0.476562 0.124400
5 0.694580 0.452400 0.315918 0.388000
11 0.297363 0.220200 0.127930 0.044400
5 0.210449 0.445400 0.271484 0.330800
0 0.530029 0.344400 0.119629 0.109600
0 0.537354 0.365400 0.126465 0.124400
11 0.662109 0.254800 0.131836 0.055200
11 0.347900 0.197200 0.148926 0.033600
3 0.515381 0.599400 0.459473 0.095600
13 0.204346 0.325400 0.084473 0.083600
5 0.211914 0.471200 0.250977 0.302400
