13 0.615567 0.135083 0.023012 0.054417
0 0.523012 0.268086 0.119459 0.102753
13 0.321489 0.256242 0.144162 0.079706
8 0.393401 0.385403 0.128257 0.221511
11 0.317090 0.229033 0.272081 0.193662
11 0.623519 0.107714 0.077496 0.024648
9 0.297293 0.596191 0.296108 0.185339
9 0.393401 0.385403 0.128257 0.221511
11 0.333333 0.199904 0.244332 0.153329
4 0.358714 0.194942 0.103553 0.067862
11 0.618443 0.100672 0.099154 0.032971
13 0.279188 0.294654 0.138071 0.034251
12 0.279188 0.294654 0.138071 0.034251
1 0.306937 0.192862 0.188156 0.148848
13 0.301523 0.261364 0.194247 0.116837
