9 0.050357 0.805069 0.085000 0.338863
9 0.246964 0.690323 0.266786 0.102611
10 0.897500 0.817512 0.045000 0.083564
9 0.031071 0.735791 0.053571 0.144393
11 0.116429 0.725192 0.030000 0.056836
10 0.116429 0.725192 0.030000 0.056836
11 0.894464 0.808909 0.042500 0.086022
10 0.894464 0.808909 0.042500 0.086022
9 0.027500 0.729032 0.055000 0.154224
11 0.897500 0.817512 0.045000 0.083564
11 0.264821 0.214593 0.108214 0.100461
11 0.714643 0.174808 0.075000 0.044240
9 0.209286 0.663287 0.096429 0.061444
