13 0.699707 0.310872 0.181966 0.291667
1 0.684408 0.266276 0.204753 0.126953
11 0.663411 0.183594 0.173828 0.087240
13 0.697591 0.285156 0.123698 0.075521
9 0.334798 0.624512 0.064779 0.069987
10 0.736654 0.670573 0.100911 0.116536
10 0.751302 0.676921 0.075521 0.073893
11 0.751302 0.676921 0.075521 0.073893
11 0.736654 0.670573 0.100911 0.116536
4 0.351725 0.610026 0.087565 0.091797
11 0.774577 0.691895 0.041341 0.062826
9 0.486979 0.507161 0.119141 0.406901
13 0.684408 0.266276 0.204753 0.126953
1 0.676595 0.178385 0.170247 0.100911
13 0.347982 0.606120 0.103516 0.111979
6 0.697591 0.285156 0.123698 0.075521
1 0.699707 0.310872 0.181966 0.291667
10 0.774577 0.691895 0.041341 0.062826
6 0.347982 0.606120 0.103516 0.111979
4 0.347982 0.606120 0.103516 0.111979
