13 0.723090 0.310243 0.214410 0.095486
10 0.877604 0.573958 0.067708 0.071528
13 0.755642 0.294097 0.163194 0.043750
11 0.888455 0.589931 0.075521 0.103472
11 0.118056 0.616840 0.052951 0.045486
10 0.126736 0.595486 0.094618 0.131250
6 0.335720 0.501736 0.188802 0.169444
9 0.358073 0.357292 0.113715 0.115278
11 0.867405 0.567708 0.074219 0.097222
13 0.282986 0.378819 0.071181 0.035417
3 0.560113 0.542188 0.509983 0.137153
11 0.126736 0.595486 0.094618 0.131250
7 0.221571 0.546701 0.217448 0.087153
7 0.358073 0.357292 0.113715 0.115278
10 0.118056 0.616840 0.052951 0.045486
5 0.204210 0.508333 0.163628 0.138194
10 0.888455 0.589931 0.075521 0.103472
5 0.752821 0.296354 0.155816 0.075347
5 0.876736 0.500868 0.032118 0.018403
4 0.682943 0.478993 0.294705 0.202431
10 0.867405 0.567708 0.074219 0.097222
13 0.257812 0.464583 0.081597 0.017361
3 0.568576 0.558681 0.504340 0.138889
11 0.877604 0.573958 0.067708 0.071528
