4 0.807943 0.630556 0.151476 0.202083
7 0.322917 0.437847 0.290799 0.413194
7 0.342014 0.384028 0.270833 0.332639
8 0.288411 0.516667 0.062934 0.046528
6 0.760200 0.470486 0.253038 0.489583
8 0.286241 0.519444 0.062066 0.045139
7 0.745443 0.492535 0.243490 0.391319
7 0.314453 0.425347 0.301649 0.422917
4 0.768663 0.401389 0.087674 0.079167
6 0.322917 0.437847 0.290799 0.413194
8 0.760200 0.470486 0.253038 0.489583
4 0.258030 0.607812 0.128038 0.092708
8 0.258030 0.607812 0.128038 0.092708
8 0.284505 0.514236 0.072483 0.054861
6 0.314453 0.425347 0.301649 0.422917
7 0.807943 0.630556 0.151476 0.202083
4 0.708333 0.326736 0.095486 0.110417
8 0.328993 0.436632 0.057292 0.051736
7 0.731771 0.329688 0.258681 0.283681
6 0.745443 0.492535 0.243490 0.391319
