0 0.578125 0.715843 0.477371 0.109012
8 0.826239 0.617733 0.029634 0.030039
8 0.808459 0.684109 0.022091 0.018411
8 0.681304 0.458091 0.029634 0.027616
0 0.575970 0.362888 0.149784 0.146318
8 0.783944 0.546754 0.150862 0.255329
0 0.579741 0.343750 0.118534 0.096415
0 0.570312 0.346172 0.140625 0.105136
8 0.233028 0.564196 0.031789 0.023740
8 0.733028 0.495397 0.019935 0.016957
8 0.282328 0.499758 0.113147 0.165213
3 0.575162 0.713178 0.473599 0.155039
8 0.756735 0.639535 0.026401 0.019380
3 0.571929 0.691618 0.458513 0.105136
