11 0.883965 0.622897 0.065270 0.093031
13 0.209307 0.347408 0.116438 0.066598
7 0.883965 0.622897 0.065270 0.093031
10 0.869057 0.623756 0.083803 0.059732
11 0.133763 0.638345 0.049154 0.077240
10 0.133763 0.638345 0.049154 0.077240
10 0.131547 0.636286 0.035052 0.094404
11 0.131547 0.636286 0.035052 0.094404
10 0.878525 0.618435 0.058421 0.063508
10 0.132151 0.646241 0.060435 0.075867
7 0.241136 0.189839 0.028606 0.042568
13 0.239122 0.190697 0.048751 0.053896
10 0.883965 0.622897 0.065270 0.093031
11 0.132151 0.646241 0.060435 0.075867
3 0.545528 0.594404 0.474617 0.136286
7 0.805197 0.571232 0.130943 0.088568
13 0.223610 0.346893 0.090250 0.071747
7 0.131547 0.636286 0.035052 0.094404
11 0.878525 0.618435 0.058421 0.063508
