6 0.278327 0.563702 0.199240 0.203526
10 0.189734 0.698518 0.094297 0.145433
6 0.290114 0.522035 0.253992 0.440705
13 0.290114 0.522035 0.253992 0.440705
7 0.306654 0.527043 0.296198 0.412260
10 0.787833 0.580128 0.177186 0.322115
7 0.758175 0.499800 0.171863 0.139022
10 0.791255 0.592548 0.166540 0.281250
7 0.781179 0.515224 0.150951 0.245192
6 0.306654 0.527043 0.296198 0.412260
8 0.284981 0.355970 0.080228 0.073317
3 0.562738 0.599359 0.372624 0.198718
13 0.758175 0.499800 0.171863 0.139022
10 0.809316 0.556891 0.134221 0.316506
7 0.278327 0.563702 0.199240 0.203526
