13 0.312500 0.112153 0.194444 0.140972
11 0.275174 0.098785 0.154514 0.118403
6 0.925998 0.554167 0.051649 0.086806
11 0.242405 0.113889 0.104601 0.105556
0 0.594618 0.192361 0.150174 0.143750
11 0.924913 0.481771 0.061632 0.269792
11 0.167101 0.502604 0.060764 0.187153
13 0.313151 0.502083 0.054253 0.080556
13 0.904297 0.533333 0.049913 0.059028
0 0.615451 0.182118 0.103299 0.112153
0 0.592014 0.180035 0.162326 0.108681
13 0.726780 0.123785 0.056858 0.074653
13 0.297309 0.139236 0.153646 0.122917
13 0.258681 0.489931 0.164063 0.073611
11 0.271484 0.098090 0.124566 0.094792
9 0.278646 0.489583 0.247396 0.108333
11 0.924913 0.557813 0.051215 0.073958
5 0.281467 0.317014 0.207899 0.259722
13 0.315104 0.152431 0.151042 0.142361
11 0.164497 0.571875 0.050347 0.054167
11 0.694010 0.030729 0.131944 0.026736
6 0.203559 0.498438 0.074653 0.070486
