3 0.577756 0.617025 0.443701 0.148112
3 0.577559 0.605469 0.440945 0.184245
13 0.269685 0.556966 0.108661 0.176432
0 0.540945 0.279948 0.118898 0.108073
13 0.748228 0.368490 0.072047 0.100911
9 0.245669 0.641602 0.071654 0.048828
1 0.264173 0.413900 0.224409 0.383789
13 0.264173 0.413900 0.224409 0.383789
13 0.752559 0.357422 0.104331 0.111328
11 0.844094 0.745931 0.045669 0.038737
13 0.761614 0.360840 0.092520 0.088867
13 0.299213 0.265299 0.114961 0.137370
10 0.842913 0.748210 0.026772 0.048503
11 0.842913 0.748210 0.026772 0.048503
4 0.343701 0.219401 0.147244 0.191406
13 0.286417 0.398275 0.211417 0.486654
3 0.576969 0.632812 0.446850 0.152995
10 0.844094 0.745931 0.045669 0.038737
0 0.548819 0.290365 0.131496 0.130859
0 0.541142 0.276693 0.120079 0.100260
7 0.343701 0.219401 0.147244 0.191406
