13 0.307065 0.275670 0.186594 0.120536
9 0.243207 0.316778 0.032609 0.024926
13 0.317029 0.263207 0.228261 0.164807
11 0.376132 0.163690 0.113678 0.031250
8 0.279665 0.322731 0.032156 0.024926
13 0.672554 0.264695 0.130435 0.129836
13 0.331748 0.294457 0.212409 0.190848
8 0.243207 0.316778 0.032609 0.024926
0 0.578351 0.360491 0.102355 0.095982
9 0.279665 0.322731 0.032156 0.024926
13 0.671196 0.237165 0.125906 0.088170
13 0.673234 0.238653 0.139040 0.088914
6 0.307065 0.275670 0.186594 0.120536
