10 0.131385 0.660178 0.121130 0.132514
3 0.530186 0.607753 0.443498 0.097336
13 0.176084 0.556182 0.113003 0.036544
10 0.105844 0.711919 0.080108 0.098702
8 0.588622 0.442794 0.093653 0.078893
13 0.201045 0.551400 0.191563 0.041325
7 0.263932 0.646858 0.228328 0.122951
0 0.534249 0.328040 0.111068 0.091189
13 0.193692 0.554474 0.172988 0.035178
11 0.131385 0.660178 0.121130 0.132514
11 0.105844 0.711919 0.080108 0.098702
0 0.545279 0.337261 0.108359 0.100751
7 0.759868 0.375171 0.133514 0.189549
