11 0.727234 0.328191 0.287302 0.220594
0 0.623985 0.423448 0.118427 0.143463
10 0.822788 0.715002 0.199658 0.210567
7 0.783241 0.609140 0.082941 0.102970
11 0.717614 0.305438 0.252672 0.147320
13 0.860410 0.563440 0.086789 0.022368
10 0.789867 0.761859 0.280034 0.197069
0 0.612655 0.408022 0.148782 0.129580
13 0.803121 0.600077 0.191107 0.115696
10 0.783668 0.736020 0.279607 0.241034
7 0.753955 0.622059 0.157760 0.154261
4 0.783241 0.609140 0.082941 0.102970
13 0.850791 0.562090 0.096622 0.028924
