8 0.323568 0.363194 0.064670 0.043750
8 0.604384 0.418576 0.111545 0.155903
8 0.697049 0.553299 0.098090 0.106597
8 0.682292 0.700694 0.059896 0.057639
8 0.697917 0.551042 0.098090 0.107639
11 0.359592 0.180903 0.171441 0.031944
8 0.303385 0.284722 0.040799 0.032639
13 0.682292 0.700694 0.059896 0.057639
4 0.698351 0.550868 0.105035 0.110764
8 0.585720 0.373264 0.071615 0.092361
11 0.632595 0.210938 0.183594 0.078819
8 0.302951 0.283681 0.039062 0.029167
8 0.161675 0.413194 0.023872 0.021528
7 0.258030 0.444271 0.236545 0.073958
4 0.604384 0.418576 0.111545 0.155903
10 0.057509 0.816667 0.030816 0.045833
8 0.698351 0.550868 0.105035 0.110764
11 0.625868 0.186806 0.171007 0.072222
7 0.604384 0.418576 0.111545 0.155903
0 0.545139 0.345139 0.122396 0.129861
10 0.056858 0.819618 0.047743 0.043403
13 0.676432 0.338194 0.123698 0.138194
11 0.348307 0.184028 0.148872 0.036111
11 0.613498 0.181771 0.161892 0.045486
0 0.549696 0.347917 0.122830 0.132639
11 0.057509 0.816667 0.030816 0.045833
8 0.287543 0.448438 0.057726 0.047569
8 0.324870 0.363368 0.059462 0.042708
8 0.761068 0.408854 0.027344 0.018403
11 0.351997 0.183854 0.163194 0.030903
11 0.056858 0.819618 0.047743 0.043403
