4 0.328814 0.432269 0.227404 0.227227
0 0.603941 0.382689 0.129790 0.104538
7 0.329537 0.435462 0.236081 0.253782
9 0.072487 0.651429 0.137744 0.370420
3 0.576103 0.638319 0.458062 0.157983
9 0.048988 0.716303 0.089299 0.480672
9 0.315980 0.102521 0.109906 0.117647
0 0.603218 0.408908 0.145698 0.161681
7 0.352495 0.379832 0.213304 0.112269
9 0.354483 0.322521 0.256327 0.239664
9 0.505965 0.126891 0.505785 0.153613
9 0.704266 0.095126 0.091829 0.133782
9 0.699928 0.105546 0.082430 0.133782
3 0.585322 0.641849 0.494577 0.159664
9 0.044469 0.639832 0.079537 0.268571
9 0.311461 0.127059 0.122560 0.166050
9 0.171547 0.307227 0.076283 0.057815
