3 0.611545 0.596181 0.511285 0.237500
4 0.310113 0.443576 0.144531 0.094792
10 0.297960 0.441319 0.363281 0.547222
3 0.594184 0.611979 0.532986 0.231597
13 0.230903 0.361285 0.072917 0.033681
10 0.185981 0.505556 0.088976 0.175694
7 0.296441 0.465972 0.175347 0.135417
7 0.296875 0.402778 0.316840 0.320833
10 0.361762 0.204340 0.218316 0.087847
3 0.625434 0.612153 0.465278 0.197222
13 0.243707 0.359375 0.094184 0.029861
7 0.301432 0.392188 0.185330 0.298264
13 0.236328 0.360243 0.070747 0.028125
7 0.361762 0.204340 0.218316 0.087847
11 0.357856 0.221701 0.274740 0.120486
