6 0.229902 0.522046 0.214706 0.193065
5 0.739216 0.335402 0.220588 0.216182
13 0.746324 0.327697 0.225980 0.236729
11 0.734804 0.666310 0.032353 0.027825
6 0.746324 0.327697 0.225980 0.236729
11 0.092157 0.783604 0.036275 0.036387
8 0.299020 0.283604 0.085294 0.056935
8 0.224510 0.461687 0.074510 0.064640
13 0.231863 0.310360 0.150000 0.197774
6 0.261765 0.561430 0.312745 0.267551
7 0.325000 0.318493 0.189216 0.148116
4 0.223284 0.462543 0.093627 0.050942
6 0.325000 0.318493 0.189216 0.148116
11 0.896814 0.790882 0.032843 0.030394
8 0.719853 0.269478 0.109314 0.069777
6 0.257843 0.407748 0.296078 0.389127
6 0.751225 0.328339 0.244608 0.250856
13 0.739216 0.335402 0.220588 0.216182
5 0.257843 0.407748 0.296078 0.389127
5 0.229902 0.522046 0.214706 0.193065
7 0.751225 0.328339 0.244608 0.250856
8 0.225245 0.463399 0.071078 0.049229
6 0.739216 0.335402 0.220588 0.216182
7 0.261765 0.561430 0.312745 0.267551
