7 0.437934 0.298438 0.113715 0.097569
7 0.249132 0.582986 0.322049 0.229167
9 0.611328 0.375347 0.109809 0.093750
4 0.264540 0.544444 0.330295 0.336111
7 0.264540 0.544444 0.330295 0.336111
4 0.249132 0.582986 0.322049 0.229167
8 0.289714 0.544792 0.246094 0.154167
10 0.087240 0.713021 0.056424 0.053819
0 0.612196 0.374479 0.115017 0.146181
7 0.432292 0.297743 0.119792 0.128819
8 0.424696 0.291146 0.116753 0.085069
8 0.611328 0.375347 0.109809 0.093750
11 0.087240 0.713021 0.056424 0.053819
9 0.424696 0.291146 0.116753 0.085069
9 0.242622 0.603472 0.321181 0.264583
