11 0.116984 0.846752 0.062016 0.109419
7 0.677590 0.330432 0.118393 0.140504
10 0.116984 0.846752 0.062016 0.109419
11 0.349366 0.147187 0.138478 0.035126
11 0.119626 0.834318 0.063073 0.101337
11 0.653277 0.146410 0.131783 0.025490
10 0.172657 0.840224 0.189570 0.093255
10 0.736610 0.506839 0.297745 0.656201
10 0.119626 0.834318 0.063073 0.101337
7 0.320472 0.667703 0.086328 0.124961
9 0.296864 0.801989 0.349190 0.118744
0 0.548626 0.355766 0.153629 0.147653
11 0.673185 0.142524 0.141297 0.042586
11 0.331395 0.156668 0.100423 0.044762
10 0.710007 0.493472 0.388302 0.579733
10 0.724101 0.512123 0.375617 0.677961
7 0.296864 0.801989 0.349190 0.118744
