13 0.608073 0.173958 0.036458 0.173611
13 0.606337 0.148785 0.030382 0.096181
8 0.109375 0.490451 0.036458 0.015625
0 0.520616 0.256771 0.115885 0.100347
9 0.113281 0.491840 0.032986 0.017014
0 0.520182 0.285590 0.170573 0.171875
3 0.506076 0.598264 0.473958 0.167361
13 0.675781 0.188021 0.029514 0.057986
13 0.620660 0.163194 0.119792 0.090278
0 0.539280 0.272222 0.131510 0.136806
11 0.307075 0.093056 0.099392 0.016667
8 0.111111 0.490799 0.026042 0.019792
13 0.672309 0.199826 0.037326 0.092708
2 0.111111 0.490799 0.026042 0.019792
