11 0.899683 0.868118 0.063859 0.074033
10 0.892663 0.877604 0.086957 0.086310
10 0.899683 0.868118 0.063859 0.074033
13 0.323143 0.349888 0.330163 0.370164
4 0.304801 0.384115 0.310688 0.399926
11 0.887002 0.870536 0.089221 0.075149
13 0.304801 0.384115 0.310688 0.399926
1 0.304801 0.384115 0.310688 0.399926
11 0.191350 0.836682 0.147192 0.122024
13 0.788723 0.260603 0.160779 0.086682
10 0.887002 0.870536 0.089221 0.075149
4 0.326993 0.226749 0.210145 0.097842
13 0.771966 0.259859 0.208786 0.106771
11 0.892663 0.877604 0.086957 0.086310
11 0.168931 0.839100 0.118659 0.094122
10 0.146286 0.830729 0.059783 0.053571
13 0.199955 0.430804 0.120018 0.156994
10 0.168931 0.839100 0.118659 0.094122
1 0.329031 0.226004 0.195199 0.112723
11 0.146286 0.830729 0.059783 0.053571
10 0.191350 0.836682 0.147192 0.122024
13 0.790534 0.317336 0.226902 0.235119
7 0.326993 0.226749 0.210145 0.097842
